# Position (bp)	A	C	G	T	N
0.0	29.540202468995407	21.904223436488373	20.531836385214607	28.02373770930161	0.0
1.0	29.57803411148382	20.250730803292686	20.850501411459682	29.29541826877401	0.02531540498979628
2.0	28.790844822518697	20.916476783242864	21.262320649946	29.030356768671773	9.756206640124971E-7
3.0	28.45292201998668	21.03688105625064	21.371800898378826	29.138389196039206	6.82934464808748E-6
4.0	28.713431274070633	20.890258929138856	21.417954585131262	28.97827130828214	8.390337710507476E-5
5.0	28.77806809430279	21.17425137260559	21.57708904725901	28.470580754005308	1.0731827304137468E-5
6.0	28.72425480971719	20.86924015755337	21.702858258298185	28.703421406057867	2.2536837338688685E-4
7.0	28.7549673482203	21.10766331104541	21.47516595648962	28.662201433003336	1.9512413280249943E-6
8.0	28.66002970140525	21.144284208289783	21.283368690151406	28.912317400153565	0.0
9.0	28.68594218624142	21.170559624012967	21.36639693552086	28.777101254224757	0.0
10.0	28.662894123674786	21.183114886338146	21.264556772507916	28.889434217479153	0.0
11.0	28.747637510171575	21.155760434160563	21.255844479978283	28.84075757568958	0.0
12.0	28.80089371535803	21.09561537146552	21.2287719821726	28.87471893100385	0.0
13.0	28.81693487031572	21.08244156563936	21.26946024196524	28.83116332207968	0.0
14.0	28.799354185950214	21.12284299295678	21.265626052755675	28.812176768337334	0.0
15.0	28.760337164355025	21.146789602154968	21.296445909531826	28.79642732395818	0.0
16.0	28.684637781413635	21.193044753456462	21.323488163096926	28.798829302032974	0.0
17.0	28.648640305773565	21.270397813423358	21.3320989910775	28.74886191410491	9.756206640124971E-7
18.0	28.636769929154525	21.292683916251395	21.34835478258128	28.72219039639214	9.756206640124971E-7
19.0	28.631390356813156	21.29399124794117	21.34113421404692	28.733484181198747	0.0
20.0	28.630805960035417	21.3039669692307	21.33987273652835	28.725354334205534	0.0
21.0	28.614849684075494	21.30145962412419	21.334606336184013	28.749083379995643	9.756206640124971E-7
22.0	28.591986989435025	21.322127172270626	21.355957794415925	28.729928043878424	0.0
23.0	28.605075916263417	21.314234401098766	21.380505385943145	28.700176491729362	7.804965312099977E-6
24.0	28.606205684992343	21.318788598358378	21.380411726359398	28.694355938847867	2.3805144201904932E-4
25.0	28.60987011620637	21.319585680440873	21.397444111911728	28.67310009144102	0.0
26.0	28.60363199768068	21.345312797350886	21.419464845919155	28.63159035904928	0.0
27.0	28.586064972004465	21.36196469084425	21.438461155868143	28.613509181283135	0.0
28.0	28.56416131247672	21.39152111886051	21.462035077972676	28.58228249069009	0.0
29.0	28.521271076845405	21.450753000614036	21.45072080513212	28.577255117408434	0.0
30.0	28.54854552812854	21.434557697591426	21.428054210245122	28.588842564034913	0.0
31.0	28.531871195359905	21.433456221861757	21.442387053420127	28.592285529358215	0.0
32.0	28.556930987735722	21.420315587138177	21.413637463693007	28.60911596143309	0.0
33.0	28.567726230383023	21.39973682047216	21.431445467673228	28.601091481471585	0.0
34.0	28.575565342418365	21.4183087354323	21.44120069869269	28.564923272215314	1.9512413280249943E-6
35.0	28.58137028536924	21.423078544858658	21.443992925033093	28.551558244739013	0.0
36.0	28.568426726019787	21.430562530972296	21.464329737774435	28.536681005233483	0.0
37.0	28.550616770798236	21.437476754618153	21.474972783598144	28.53693369098546	0.0
38.0	28.518716901947023	21.469438087571206	21.486735841944146	28.525100387951653	8.780585976112473E-6
39.0	28.516563707141547	21.480345526594864	21.47980991085032	28.523274026068623	6.82934464808748E-6
40.0	28.497611627248737	21.493339162205327	21.473325677895776	28.53571377187943	9.76077073232115E-6
41.0	28.496174311086698	21.499523574109677	21.46235673960145	28.541936586407886	8.788794287283713E-6
42.0	28.508398184744404	21.49068100397993	21.445246172812798	28.555667799546235	6.838916636273381E-6
43.0	28.522946408688426	21.474084624535763	21.436957633914403	28.56600742311092	3.909750486663748E-6
44.0	28.55122464098303	21.451832799238833	21.433187939085308	28.563747775312514	6.845380314417119E-6
45.0	28.56034923735995	21.451749094097625	21.460608452097567	28.527285389292565	7.827152291503032E-6
46.0	28.55788367126409	21.446221793163883	21.461721536547884	28.53416712568448	5.873339668056462E-6
47.0	28.540301575573046	21.440700778332996	21.48475063673577	28.5342313391771	1.5670181080205325E-5
48.0	28.508809005700964	21.456753130751167	21.518495436878972	28.51593850720683	3.9194620702925925E-6
49.0	28.496631332430667	21.479505691518792	21.50674979501976	28.517105338462034	7.842568745555838E-6
50.0	28.49803279294363	21.508272697381855	21.485894042418952	28.507792620946248	7.846309317755165E-6
51.0	28.520065353919243	21.503897867554908	21.458531518166488	28.51749839157633	6.86878302768459E-6
52.0	28.496829547440967	21.49629939940182	21.45602731158711	28.55083785125449	5.890315608411583E-6
53.0	28.49637683828422	21.48657033123763	21.462049889301966	28.55499213705596	1.0804120219999388E-5
54.0	28.498525214108945	21.476786103755675	21.46934795404892	28.55533384910008	6.87898638489395E-6
55.0	28.533208679899847	21.471282556251158	21.457104879960113	28.53839405193584	9.831953045109237E-6
56.0	28.543499016032246	21.45138433393803	21.47624014725171	28.528870600653594	5.902124421484831E-6
57.0	28.541436576970387	21.444669710823593	21.497348108912924	28.516538714011695	6.889281394214189E-6
58.0	28.500116362714717	21.474708230401028	21.500121433736343	28.525046095832757	7.877315149076466E-6
59.0	28.47696475426928	21.506043851019466	21.506413293416216	28.510573175396413	4.925898623311823E-6
60.0	28.456717545068482	21.52068059417049	21.508424530642248	28.514169444602594	7.885516183523718E-6
61.0	28.467932931940265	21.53493050776513	21.462106337568702	28.535023319306603	6.903419300068826E-6
62.0	28.476807214965223	21.513941534265868	21.442193032675444	28.567048351145115	9.866948345676853E-6
63.0	28.49499985675601	21.48306535189678	21.448487378012835	28.57343951566433	7.897670047152446E-6
64.0	28.507567639901705	21.4745207980556	21.437272374310595	28.58062535946097	1.3828271125933789E-5
65.0	28.52772272360703	21.471489619562544	21.438307228422595	28.56247449874537	5.929662462463507E-6
66.0	28.521144197091413	21.455193515192335	21.48429130627575	28.53936109331358	9.888126918617986E-6
67.0	28.511590995483637	21.463379442247682	21.498702200525823	28.52627492619994	5.243554291632521E-5
68.0	28.509132001794384	21.474313995795075	21.49000434124964	28.526542732107956	6.929052941894239E-6
69.0	28.478455523841596	21.49379361985129	21.491093852384857	28.536648090530036	8.913392222267042E-6
70.0	28.461029129276927	21.522038799181747	21.4831557275047	28.533771389516787	4.954519836525023E-6
71.0	28.46942929201768	21.526169745413785	21.470107292076726	28.534284747612084	8.922879728960191E-6
72.0	28.469524183012577	21.513059953394944	21.45839438822019	28.559014531445815	6.943926474373405E-6
73.0	28.487409245428154	21.49499218381678	21.428983896181236	28.588607726855415	6.947718418897795E-6
74.0	28.495021161220546	21.482030567881395	21.429085930074724	28.593849430403708	1.2910419633228683E-5
75.0	28.5346811393119	21.446316125578118	21.455016065226076	28.563974745352123	1.192453178475004E-5
76.0	28.55156444534061	21.437246102135223	21.47266279738699	28.53851571822783	1.0936909344753853E-5
77.0	28.53445703556471	21.44749000148373	21.48656836178824	28.53147763762891	6.963534407544731E-6
78.0	28.51099729241832	21.462049315749134	21.506575164479887	28.52037524137867	2.9859739844030635E-6
79.0	28.50113584416576	21.475124093561938	21.505234873946325	28.518497221193744	7.967132233341927E-6
80.0	28.498150778741177	21.493359899693377	21.495511251915904	28.51297009798777	7.971661778692778E-6
81.0	28.500582248555823	21.491815358831136	21.48345023436905	28.52414517899831	6.979245677543774E-6
82.0	28.49442149721834	21.49705274552278	21.453940635131758	28.554569160959844	1.5961167278070815E-5
83.0	28.500503520280056	21.50187855770184	21.427191205062655	28.570367826278332	5.889067711372639E-5
84.0	28.502790902668085	21.476061121211355	21.43042052199483	28.590713472322903	1.3981802823443316E-5
85.0	28.519848283324613	21.454190197920596	21.448448395924288	28.577509125752886	3.9970776166421445E-6
86.0	28.540420450144165	21.44565422757866	21.449688741500424	28.564226581981405	9.998795345136818E-6
87.0	28.553101489720596	21.447716909445415	21.46397984152791	28.535196756866192	5.002439890031965E-6
88.0	28.527743239244856	21.45217199931782	21.482958355719255	28.537112390532894	1.401518517283106E-5
89.0	28.499443599901376	21.470738323072858	21.49356527630665	28.53623877740325	1.4023315866124813E-5
90.0	28.4795770153859	21.4936990969123	21.48998971485877	28.5367301637838	4.00905923105382E-6
91.0	28.477441032154193	21.49612488288484	21.48110421728503	28.54532084203898	9.025636960761565E-6
92.0	28.49301525637197	21.509827931021412	21.44252661997538	28.554617148185812	1.3044445425788109E-5
93.0	28.489728488040683	21.49416103534615	21.43481568426964	28.581284751848308	1.0040495224936261E-5
94.0	28.49811045075311	21.481494899308096	21.42986227643596	28.590519312889572	1.3060613261296617E-5
95.0	28.517638253620863	21.458181026834747	21.433197098056304	28.590977589879312	6.0316087663723496E-6
96.0	28.5318300894168	21.46005636390148	21.44614685193584	28.561957641693546	9.053052335172484E-6
97.0	28.549501902793782	21.44731599612471	21.456071680865506	28.547108407183526	2.013032472881056E-6
98.0	28.533048534964927	21.450879991124257	21.47555900705474	28.540500381147982	1.2085708095241947E-5
99.0	28.511684261561136	21.471238326042734	21.4583894526773	28.55867586666155	1.2093057285114685E-5
100.0	28.49960056988583	21.476867625311712	21.477294165428333	28.546229572421566	8.066952560137644E-6
101.0	28.47213886694857	21.498388008787252	21.460987108509933	28.568474916666027	1.1099088219992807E-5
102.0	28.501867354628917	21.493153282088013	21.419004539909103	28.5859637166121	1.1106761860231964E-5
103.0	28.514182036021023	21.478652548710528	21.403191390282732	28.603965942170976	8.08281474162343E-6
104.0	28.52521299323599	21.453179766596513	21.404682527856416	28.616915612822925	9.099488161879328E-6
105.0	28.533336209246652	21.436439385139174	21.404474863118093	28.625738413844644	1.1128651439528496E-5
106.0	28.545439567722592	21.43973055411789	21.411928518823032	28.602893260280247	8.099056236212054E-6
107.0	28.567324505949383	21.41839180343186	21.413677005308546	28.600597567737562	9.117572649300076E-6
108.0	28.551044942268078	21.43140690111658	21.433000483173675	28.58453348123505	1.4192206615334199E-5
109.0	28.53349745389283	21.439337239142954	21.448922547985887	28.578231600295155	1.1158683169885677E-5
110.0	28.524207940391232	21.457669857576462	21.454509740226783	28.563602310448793	1.0151356728826808E-5
111.0	28.543788150235788	21.454074026074014	21.436759127143397	28.56537158570535	7.110841449944049E-6
112.0	28.519313844408572	21.46486762581383	21.44208166443829	28.57372873294176	8.132397546480057E-6
113.0	28.52974190120918	21.463619793606135	21.394722008724802	28.61190815816527	8.138294609988151E-6
114.0	28.532169223743796	21.451619321675768	21.382537523416868	28.63365967888788	1.425227568376387E-5
115.0	28.54971885958823	21.418484928589486	21.376434996220233	28.655350009350087	1.1206251963895656E-5
116.0	28.56967449745012	21.403677020540776	21.374034859715334	28.652595271802127	1.835049163770645E-5
117.0	28.594255879894536	21.40305995183188	21.379016700709318	28.62365828568875	9.181875508255067E-6
118.0	28.590184975965798	21.39754030444633	21.39565251434294	28.616609953497367	1.2251747561195206E-5
119.0	28.586985991940118	21.40416584008839	21.410590468287552	28.598245438943103	1.2260740838100106E-5
120.0	28.59219332095303	21.399682533057494	21.406693705299624	28.60141305846321	1.73822266466692E-5
121.0	28.583141952193124	21.422931444211507	21.39919142736644	28.59472187420664	1.3302022282913323E-5
122.0	28.595500030376403	21.435634631894146	21.36527380741843	28.603577194573344	1.4335737672056628E-5
123.0	28.609074755606166	21.41686859143658	21.335219780622364	28.63881842664742	1.844568746744144E-5
124.0	28.609717958922687	21.401111885953462	21.331339152701943	28.65775100546179	7.999696011551561E-5
125.0	28.669588463284555	21.358816799751295	21.300664713024524	28.670920785955	9.23798461787287E-6
126.0	28.689840004276167	21.335402050753498	21.284316951614084	28.690169777771395	2.712155848611529E-4
127.0	28.68796993296796	21.337289062862517	21.2995185537614	28.675197773881152	2.467652697500666E-5
128.0	28.721201969186822	21.31276679054426	21.31689937075601	28.649119521165666	1.2348347246267628E-5
129.0	28.734302207156187	21.302902516332846	21.312659680355967	28.650127357046685	8.239108315911223E-6
130.0	28.72928840209474	21.30785587133436	21.300569770221067	28.66227255709754	1.339925229492344E-5
131.0	28.73398245003939	21.29997746460239	21.29873736260493	28.667291374066128	1.134868716478235E-5
132.0	28.73896033779588	21.30858836301873	21.27142190295745	28.681013908051778	1.5488176161111395E-5
133.0	28.757162380821523	21.295308086863123	21.248207586688856	28.699301277994397	2.066763209998653E-5
134.0	28.781705933072804	21.289500762303124	21.20245162443939	28.726327199921258	1.4480263421642393E-5
135.0	28.80387843261793	21.25924147452145	21.141673905442982	28.795192729236003	1.3458181640646755E-5
136.0	28.801721199383884	21.230702363813133	21.137282629677127	28.830278264456183	1.554266966924795E-5
137.0	28.8333593728745	21.21814767970263	21.10016122733791	28.848319273381357	1.2446703604126618E-5
138.0	28.86762143695616	21.187635166362373	21.104061662725154	28.840671351767703	1.0382188607925525E-5
139.0	28.83098489168153	21.210148598774662	21.175451667592675	28.783391976731686	2.2865219446553182E-5
140.0	28.874956103872577	21.20365093019217	21.19872488869721	28.722649350997937	1.8726240107538557E-5
141.0	28.767124443249976	21.306956842269507	21.2033411468974	28.72256402876553	1.3538817591739705E-5
142.0	28.916000297041943	21.2390662953691	21.160589756496183	28.684329055461554	1.4595631216898347E-5
143.0	28.642936896890593	21.396055852411745	21.144164278262494	28.816825230431576	1.7742003590271845E-5
144.0	28.700592695740458	21.623853318162396	20.906783384561393	28.768582556255367	1.8804528038418402E-4
145.0	28.45287217179594	21.501238040242633	21.213732239053137	28.832142908682428	1.464022586103874E-5
146.0	28.959657218766598	21.35213410955622	20.94158369130007	28.746568447604297	5.653277280740127E-5
147.0	29.15609276857813	21.298023118666983	21.054575176936616	28.491308935818278	0.0
148.0	29.04723667385529	21.193335089109848	20.910024415350513	28.849403821684344	0.0
149.0	29.366129559593528	20.707885065861685	20.198869002762084	29.701013790378095	0.026102581404608236
150.0	27.91722848829791	20.340165506009605	21.99800800397915	29.744598001713328	0.0
