# Position (bp)	A	C	G	T	N
0.0	28.14019564926636	22.025436880115123	24.75819413352917	25.07559340904411	5.799280452372999E-4
1.0	26.91412870823136	22.423299690338744	23.79453489694577	26.864488560779616	0.0035481437045102537
2.0	27.0222044373859	22.73438663956859	23.181056532723492	27.062224552168978	1.2783815303771135E-4
3.0	26.050503249705116	23.468083664263418	24.018062024057922	26.46266954069411	6.815212794394546E-4
4.0	27.116477879063787	23.464908029084313	23.155260317338996	26.263291971962094	6.180255080631079E-5
5.0	26.84326065449308	23.24113199854837	23.163456351508255	26.752071414083506	7.958136679168787E-5
6.0	27.217700297961105	22.594276023839257	23.615436184370793	26.572458809065523	1.286847633227293E-4
7.0	26.611197155877093	23.35784061277923	22.95008516137518	27.08078478944743	9.22805210669572E-5
8.0	27.17342342666495	22.971410427844496	23.21965434222775	26.635435608337154	7.619492565161604E-5
9.0	27.018853553877797	23.007299084436696	23.11894412255287	26.854485860262127	4.1737887051385234E-4
10.0	26.91400933618117	23.04951107324769	23.186360546159133	26.849533190094775	5.858543172324256E-4
11.0	26.99069698901867	22.994324781818793	23.118144922443808	26.89657085753037	2.624491883555664E-4
12.0	27.00968307127048	23.029782513775913	23.078846966233847	26.88162564616895	6.180255080631079E-5
13.0	26.980260824035252	23.060453511181546	23.104452694304214	26.854609465363744	2.2350511524474038E-4
14.0	26.993686369935066	23.01661518401303	23.056057063971448	26.933585505801645	5.5876278811185095E-5
15.0	26.92128256513976	23.046552170301553	23.16075227825791	26.871327478661993	8.550763878681356E-5
16.0	26.891958524697596	23.100211176776277	23.17690560249605	26.830848501104427	7.619492565161604E-5
17.0	26.84724056944295	23.150825772666074	23.168613901364584	26.833071699712885	2.480568135102611E-4
18.0	26.831248947769243	23.16835483861737	23.20796604063279	26.792330272966968	9.99000136321188E-5
19.0	26.813766445383617	23.197536648531653	23.18381478903208	26.804679777194522	2.023398581192915E-4
20.0	26.784413620191767	23.215962274774785	23.18000165630836	26.81956318600514	5.926271995125692E-5
21.0	26.775408226590024	23.21594957562051	23.18445397979727	26.823874972186733	3.1324580545664374E-4
22.0	26.781728172367686	23.229402213049443	23.168232080126042	26.820276878475408	3.606559814176492E-4
23.0	26.79182823306795	23.214332549976124	23.18738917765543	26.805868418034688	5.816212658073357E-4
24.0	26.79203903902892	23.203443448490223	23.210957961380043	26.793418167183212	1.4138391759799864E-4
25.0	26.78533388557158	23.189968799193878	23.231565302327663	26.792874643380234	2.573695266454586E-4
26.0	26.790830079541916	23.207430136322373	23.23658570131782	26.764968675165473	1.8540765241893236E-4
27.0	26.763962055536584	23.205336469087523	23.28472480873423	26.745842902216634	1.3376442503283705E-4
28.0	26.756356955346266	23.229220191838166	23.28595662669893	26.728086944708952	3.792814076880443E-4
29.0	26.74045761419363	23.284577498544635	23.254777663122287	26.72004076056014	1.464635793081064E-4
30.0	26.732766159754245	23.30651825069116	23.233313552566226	26.72726911917362	1.329178147478191E-4
31.0	26.72782026246917	23.289332061905295	23.252457104331054	26.73014251448097	2.480568135102611E-4
32.0	26.745014917357885	23.278009495953462	23.23868275499381	26.738231029144032	6.180255080631079E-5
33.0	26.725633468102966	23.28116989214744	23.254927513142736	26.738207324056052	6.180255080631079E-5
34.0	26.774233131514425	23.260626046971193	23.25253245264642	26.712525401060034	8.296780793175968E-5
35.0	26.781052577360242	23.25430017492154	23.26498524332875	26.699537552677572	1.2445171189763953E-4
36.0	26.760979447502464	23.271972318011002	23.31262908372842	26.6542786134508	1.4053730731298069E-4
37.0	26.73630499074562	23.274468125131236	23.304532102962508	26.684502600625944	1.9218053469907602E-4
38.0	26.705660238258822	23.324363948889054	23.302700884916014	26.6670438033283	2.31124607809902E-4
39.0	26.681342204431967	23.338354183848974	23.309102105281035	26.671109225916958	9.22805210669572E-5
40.0	26.697372665015056	23.359756736444446	23.290081335212275	26.65272225633218	6.700699604778318E-5
41.0	26.693946074425796	23.342379625648174	23.257183279611386	26.706409438225137	8.158208950886026E-5
42.0	26.676433320340777	23.350338656330724	23.25413033741035	26.719038937165934	5.874875221694589E-5
43.0	26.669521792449157	23.369279597255805	23.266487391723597	26.69455852436317	1.5269420826602846E-4
44.0	26.695361403403627	23.348968113644585	23.2437538320334	26.711823490258645	9.316065973712609E-5
45.0	26.702184963537555	23.336266027579374	23.258716680456708	26.702656786359952	1.7554206640842004E-4
46.0	26.71864888111003	23.306093033132356	23.282850836834893	26.692311157155086	9.609176763809439E-5
47.0	26.72204062058855	23.296495866763475	23.303208665229956	26.678121605804208	1.3324161381795654E-4
48.0	26.699378777434184	23.291147007400326	23.333863659704658	26.67543399054184	1.7656491899322097E-4
49.0	26.678837785554936	23.337032934168477	23.32745613282151	26.656591161681625	8.198577344886757E-5
50.0	26.67531418598123	23.3603945984766	23.272924960498706	26.691059274247415	3.0698079605101286E-4
51.0	26.66650867294546	23.362385114807857	23.258272162756988	26.712636485128993	1.975643607064243E-4
52.0	26.68161265986082	23.338003565462344	23.244407313522036	26.735796718839637	1.7974231516507274E-4
53.0	26.664451160572533	23.34580540925097	23.24589619522982	26.74374020987026	1.0702507641916752E-4
54.0	26.661207042097857	23.356575231861846	23.253684788839703	26.728429181838926	1.0375536166730088E-4
55.0	26.677354455542428	23.339795544599546	23.267339972028974	26.71541479616164	9.523166741257525E-5
56.0	26.70012469345903	23.307949402588243	23.28416091380575	26.707641547746036	1.2344240093964005E-4
57.0	26.680998551432683	23.306339128453562	23.31216343601827	26.70044624688297	5.2637212514297254E-5
58.0	26.70345159395061	23.290452612741056	23.28974580313334	26.716166254841646	1.8373533334899335E-4
59.0	26.67595906078332	23.298979278810382	23.300686616814335	26.724242896687628	1.3214690433058357E-4
60.0	26.64481956342466	23.344872125965267	23.313498277426696	26.696676726550212	1.333066331623839E-4
61.0	26.66026840768387	23.366042046689362	23.234876381029025	26.73794529117003	8.678734277114869E-4
62.0	26.649324946787335	23.363173411678247	23.22134625646635	26.76607913772267	7.624734539547423E-5
63.0	26.64704392301947	23.346487411657403	23.235978972430477	26.77037418101188	1.1551188077012945E-4
64.0	26.695316492697252	23.317799218942117	23.23516689601685	26.75163902312808	7.836921570288606E-5
65.0	26.70186808222821	23.282006338407733	23.248302038795934	26.767447759049677	3.757815184472486E-4
66.0	26.673784861182277	23.30616530012321	23.29875089938864	26.721239888931976	5.9050373896678435E-5
67.0	26.68686764581486	23.276871503642194	23.30262054598337	26.73351385076242	1.2645379715462096E-4
68.0	26.692383918154356	23.286056678835322	23.28797338986564	26.733443967955754	1.42045188925855E-4
69.0	26.661512581879332	23.302086690554937	23.289422433167406	26.74689087389117	8.742050715844626E-5
70.0	26.652179442612262	23.322546712073247	23.278232896318528	26.746671433804142	3.6951519182206686E-4
71.0	26.64072859616708	23.351727349367053	23.23712238869137	26.770371852100737	4.981367376468949E-5
72.0	26.646295305460537	23.33717731193564	23.240656489431373	26.77579461294505	7.628022740225506E-5
73.0	26.65726278224627	23.329318141203974	23.21623426570256	26.797015467727697	1.693431194961893E-4
74.0	26.67121134196752	23.310599369988044	23.21995501979812	26.79800427825197	2.2998999434005576E-4
75.0	26.69954131865111	23.2766659619512	23.233867321489708	26.789817500638947	1.0789726903508304E-4
76.0	26.725413792551905	23.260557369382347	23.259284019185706	26.75454236535957	2.024535204734283E-4
77.0	26.732226086491	23.233991499673152	23.27141648075075	26.76220534629399	1.6058679110876636E-4
78.0	26.70853772423218	23.258521527065813	23.28894710789932	26.74387967010446	1.1397069822539811E-4
79.0	26.699728139240197	23.278408514069042	23.27596984274041	26.745522501856943	3.7100209340923157E-4
80.0	26.70489902632152	23.296334666231488	23.244218993226106	26.75444220140247	1.0511281841784592E-4
81.0	26.694127160058535	23.303241826265182	23.23183044488234	26.77073961867017	6.09501237749256E-5
82.0	26.695984990208206	23.291930538700655	23.212359869388926	26.79946099096659	2.636107356276791E-4
83.0	26.69453402277276	23.287022341757304	23.20027110698889	26.818119721206497	5.2807274552265184E-5
84.0	26.68699735280714	23.284968961113908	23.208876201813215	26.819118509925605	3.8974340129623085E-5
85.0	26.71971879246337	23.257165274588896	23.199586449006564	26.82317811581127	3.51368129895555E-4
86.0	26.734035253719927	23.22906209783367	23.227301281598596	26.809501733142277	9.963370552761094E-5
87.0	26.724823762099597	23.235938151006344	23.245774025485364	26.793372643000218	9.14184084734193E-5
88.0	26.740145867961022	23.223879279707457	23.259478439966518	26.77644407715093	5.2335214074015675E-5
89.0	26.716765113222607	23.234874791775642	23.246713398465552	26.800843285594176	8.034109420188062E-4
90.0	26.678658766289498	23.28674337016892	23.240565036139923	26.793882711929086	1.5011547257439103E-4
91.0	26.7057291042376	23.28234656281855	23.21089551608793	26.800973350469626	5.5466386288784516E-5
92.0	26.707445721058377	23.28491529507702	23.174552750165134	26.833017464945975	6.87687534981393E-5
93.0	26.69266421073122	23.288028032595243	23.18768358168756	26.83152883270109	9.534228489145079E-5
94.0	26.701268105023463	23.273224070648787	23.17566173924074	26.849767565999382	7.851908762598683E-5
95.0	26.71456696862622	23.24740791913684	23.18404632172791	26.85384321002108	1.3558048795398652E-4
96.0	26.7211117712683	23.240961919301967	23.204931260203253	26.832910481367094	8.456785937881506E-5
97.0	26.75032760146093	23.217494627530325	23.208467099445798	26.823623053398187	8.761816476173031E-5
98.0	26.75367006197692	23.219109716873902	23.206105523620575	26.821030694812148	8.400271645693496E-5
99.0	26.730781600225413	23.233913520767768	23.2209957013133	26.81423549827886	7.367941466623388E-5
100.0	26.722777627826293	23.245761656975063	23.214770476056636	26.81617226465515	5.179744868597019E-4
101.0	26.708403717253788	23.265139355666868	23.174479484180843	26.8518408910168	1.3655188169983513E-4
102.0	26.71550020488868	23.281274909708994	23.147586297162093	26.8555277177406	1.1087049963144718E-4
103.0	26.72941233239767	23.25621350582727	23.126479216564732	26.887838881097963	5.606411236701919E-5
104.0	26.7454538766629	23.231667148794365	23.127726264935802	26.895108123497124	4.4586109808125134E-5
105.0	26.72887017236435	23.222232609203903	23.156860717709847	26.891934445225058	1.020554968461061E-4
106.0	26.76279727796943	23.214290065882903	23.14913043321452	26.873713015131457	6.920780168826096E-5
107.0	26.776429070640816	23.20213475976523	23.159015083918984	26.862239249238414	1.8183643656112888E-4
108.0	26.779357919579166	23.193504074260492	23.163173246128764	26.863915730210152	4.9029821427899015E-5
109.0	26.779119506009085	23.2019757527672	23.156299828320336	26.862538023062694	6.688984068541705E-5
110.0	26.75216981116808	23.21817452725903	23.15836091701953	26.87122468093125	7.00636221108476E-5
111.0	26.747459319917187	23.24672265939414	23.149522656475476	26.856046862010718	2.4850220247700066E-4
112.0	26.748558872422258	23.243326485350813	23.11709728245564	26.890914045479608	1.0331429168153755E-4
113.0	26.754609052685684	23.232536380070126	23.08892908246402	26.923772964517408	1.525202627654974E-4
114.0	26.755950455673812	23.236440090699563	23.082288127289452	26.92513824324308	1.8308309409308508E-4
115.0	26.777523831141565	23.185173129733467	23.08874807486042	26.948318980303466	2.3598396108397536E-4
116.0	26.798536956261337	23.17330490628391	23.094885297385808	26.933221429933795	5.141013514928178E-5
117.0	26.81132978985773	23.17106327605031	23.100376465356266	26.917144447963317	8.602077237707435E-5
118.0	26.819287841350796	23.16304844233681	23.090434498360263	26.927070703283352	1.5851466877978915E-4
119.0	26.808698717381883	23.172051898991235	23.10036439853589	26.91877376416253	1.112209284563929E-4
120.0	26.80939602246738	23.166220983291495	23.099933384473044	26.924373776386112	7.583338196746738E-5
121.0	26.812630791513264	23.17098784423305	23.083684045914097	26.932449240622784	2.4807771679892537E-4
122.0	26.828956092495552	23.18174383874444	23.045680878185664	26.943262422788727	3.567677856186719E-4
123.0	26.82735303042778	23.187215984223858	23.03373269813912	26.95163178575159	6.650145764960656E-5
124.0	26.84809965971458	23.159134211973225	23.016003387711816	26.976589386666472	1.7335393390724625E-4
125.0	26.889815053625384	23.1371715413757	23.00332445417553	26.969538847434173	1.501033892201141E-4
126.0	26.894050235375598	23.11486854889686	23.01433106115656	26.97655176003235	1.983945386289099E-4
127.0	26.903897184274467	23.10054952303931	23.027861430689057	26.96732576868533	3.660933118370415E-4
128.0	26.926757966016773	23.07169926596154	23.037780782579244	26.963533585334076	2.2840010836411124E-4
129.0	26.922442807500868	23.106740919776907	23.018334629558833	26.952292692660297	1.8895050309520784E-4
130.0	26.92972257612282	23.097775074778564	23.00932113818034	26.96302890526836	1.5230564991634694E-4
131.0	26.93836212880895	23.073026790625768	22.999599403971548	26.98894210602546	6.957056827544692E-5
132.0	26.92312792773804	23.08742852212262	22.976584704426298	27.0126673678186	1.9147789444604908E-4
133.0	26.965149514030408	23.04498180625501	22.970959386129017	27.018839893435743	6.940014982941554E-5
134.0	26.959161622898005	23.042232563727527	22.92341170532915	27.075106486133286	8.76219120263581E-5
135.0	26.997894512960137	23.026674622354758	22.871908450829697	27.10346544389014	5.6969965266752646E-5
136.0	27.045391183792646	22.95223539406194	22.85134666982433	27.150900739863022	1.2601245806415093E-4
137.0	26.994042888158493	22.98175072013902	22.8742319945296	27.149887119959875	8.727721301234784E-5
138.0	27.034149618370552	22.957487571541602	22.846612380051866	27.161669337504396	8.109253158114378E-5
139.0	27.049292640972965	22.99474504216874	22.828473201138006	27.126788003385414	7.011123348661713E-4
140.0	27.02457212994908	23.044569850173225	22.866161138364983	27.064190780558572	5.061009541395924E-4
141.0	27.0104829207568	22.958943908420252	22.84310456602787	27.187418261243064	5.03435520089811E-5
142.0	26.83812265397562	23.075127215631376	22.78603806489496	27.300645925617413	6.613988062720023E-5
143.0	27.259208570727917	22.783594440361536	23.117501785822572	26.83951523832007	1.7996476790408693E-4
144.0	26.777256363914443	23.418601309767407	22.387979667325165	27.416110936598148	5.1722394840703146E-5
145.0	26.923558995980095	23.026778903224898	22.98859689887339	27.061027566241652	3.763567996492258E-5
146.0	26.55870079207131	22.97021382362309	23.07483298366689	27.39623646156736	1.5939071354882124E-5
147.0	26.814024642334672	23.752807305374354	23.00254499401824	26.430180010628206	4.430476445291761E-4
148.0	27.383520911730624	22.955721072018278	22.09728192066159	27.56341288383679	6.321175271577212E-5
149.0	27.17561216401384	23.675126981463148	21.66305860510132	27.48432109331497	0.001881156106717961
150.0	25.697188104961434	24.40555275234439	21.077647266192333	28.81889308975524	7.187867466062111E-4
