# Position (bp)	A	C	G	T	N
0.0	29.6018348078175	22.393497683459007	19.306208987632008	28.69637180950812	0.0020867115833619588
1.0	29.720362015176367	20.030058690964992	20.694950846503023	29.55462674906692	1.6982886970740276E-6
2.0	29.152288085195167	20.45012287919345	20.72760432850701	29.66995559358385	2.9113520521269046E-5
3.0	29.01415801663132	20.454060482843953	20.845124450668507	29.672549123036955	0.014107926819264958
4.0	29.223267576064032	20.314811242028735	21.030917719353745	29.431003219940816	2.4261267101057534E-7
5.0	29.319892681934746	20.563380539337963	21.01298937080408	29.103736680085202	7.278380130317261E-7
6.0	29.324461078529872	20.378300309292825	21.02982111008078	29.267417259483853	2.4261267101057534E-7
7.0	29.339507431160605	20.557780553665697	20.653027619565066	29.44968318254527	1.2130633550528767E-6
8.0	29.219246028429364	20.553200754275032	20.61499250329273	29.612468521187896	9.219281498401864E-5
9.0	29.32294062492065	20.554333270223307	20.681857525873927	29.440839950686936	2.8628295179247894E-5
10.0	29.317306430861773	20.60036999499825	20.606978036318562	29.47532758448376	1.7953337654782578E-5
11.0	29.351233386775892	20.580949335909192	20.62237035461816	29.445424844943695	2.207775306196236E-5
12.0	29.357589110918354	20.558371315519608	20.628331590557558	29.45570240291304	5.580091433243234E-6
13.0	29.360381097536344	20.57167934836255	20.64908613411183	29.418766564653055	8.685533622178599E-5
14.0	29.321446373479898	20.62429330264859	20.63198121296757	29.422051054993194	2.2805591074994083E-4
15.0	29.303584743414756	20.648171726954793	20.66721633640378	29.381025252325305	1.9409013680846027E-6
16.0	29.25308855513397	20.67624079992736	20.68030989964555	29.390097510545075	2.632347480464743E-4
17.0	29.2348530589428	20.71910123961343	20.692157161596338	29.353793920905737	9.461894169412439E-5
18.0	29.197399727855544	20.751851281460475	20.695801446527586	29.354938567487565	8.976668827391289E-6
19.0	29.191829098316468	20.76858767395747	20.709345784112095	29.33003825861106	1.991850028996824E-4
20.0	29.181400635265753	20.764094729903025	20.721913605695786	29.332575744537166	1.528459827366625E-5
21.0	29.183797163229997	20.77622196687616	20.755925233432087	29.284046659792935	8.976668827391289E-6
22.0	29.171780315022172	20.779228908320665	20.760901704539855	29.288084947701904	4.124415407179781E-6
23.0	29.159213463889166	20.794161232996025	20.791847193339922	29.25414731683026	6.30792944627496E-4
24.0	29.135447611862308	20.80349842425254	20.7940015938585	29.265217490395802	0.0018348796308529816
25.0	29.141152891433798	20.811931155471523	20.817045673189096	29.229861545849428	8.734056156380713E-6
26.0	29.15022660532959	20.802540346814716	20.807082298628703	29.240146382198912	4.3670280781903565E-6
27.0	29.155164743635336	20.791457557390284	20.82959481359712	29.223739457709147	4.3427668110892994E-5
28.0	29.162557151721032	20.794491186228598	20.839268508628322	29.203658649542273	2.4503879772068116E-5
29.0	29.161831982447378	20.81871703187969	20.85487505391642	29.164540025081198	3.5906675309565156E-5
30.0	29.15074700950891	20.822168682350156	20.842814535427813	29.183918226952827	3.515457602943237E-4
31.0	29.150551221083404	20.826038839678116	20.867110981366167	29.156176195860784	1.2276201153135112E-4
32.0	29.16366807514159	20.81704640102711	20.855247949591764	29.163940286558464	9.728768107524073E-5
33.0	29.16322894620706	20.815016946034106	20.877650561020207	29.144098451872537	5.094866091222083E-6
34.0	29.156462964037917	20.822854305758433	20.864418465943295	29.156255044978863	9.219281498401865E-6
35.0	29.159935721810765	20.842971020600615	20.875539830782415	29.121433090921382	1.2033588482124539E-4
36.0	29.156618236147363	20.837443818729653	20.8722844539628	29.133230617274613	4.228738855714329E-4
37.0	29.16363216846628	20.833537754726382	20.88906694286728	29.113686468336013	7.666560403934182E-5
38.0	29.16622788143342	20.826211579899876	20.88513443408287	29.122115802977603	3.1030160622252587E-4
39.0	29.153255381914484	20.82920178107008	20.914190698013783	29.102803591752497	5.485472491549109E-4
40.0	29.1626240610597	20.830865431130896	20.886348753031285	29.120042175510473	1.1957926763823363E-4
41.0	29.173374145953694	20.825298386845397	20.900825719173497	29.100382198064896	1.1954996251755625E-4
42.0	29.163329601557404	20.823926570966638	20.89082568918334	29.1217005619402	2.175763524204579E-4
43.0	29.160503327957937	20.835447843217754	20.893040689164593	29.110869346408723	1.3879325098561964E-4
44.0	29.161408758191808	20.830864698534988	20.873029307679815	29.134576556164475	1.2067942890548295E-4
45.0	29.172440887774766	20.830342293870306	20.88058964782087	29.116480274260788	1.4689627327489909E-4
46.0	29.18543787924429	20.815734007919037	20.86148416827372	29.137181042541926	1.6290202102660172E-4
47.0	29.188361777883546	20.804776977490885	20.873645500056327	29.133022456200784	1.9328836845088749E-4
48.0	29.17143632952181	20.806141723334814	20.87692275134704	29.145314841924268	1.8435387206988863E-4
49.0	29.17517550177024	20.812736060194208	20.897026740470945	29.114878395112378	1.8330245222985343E-4
50.0	29.1830747904232	20.817912152271642	20.849394148967818	29.14941534598275	2.0356235459439973E-4
51.0	29.19484626368672	20.80667539821584	20.861322800257714	29.136936649091886	2.1888874784105447E-4
52.0	29.208488848442876	20.77314213487424	20.85118310296323	29.166949167185813	2.3674653383594534E-4
53.0	29.211544060525114	20.77712633817508	20.855726382595495	29.15539668171892	2.065369853861613E-4
54.0	29.19978265058825	20.79371203957492	20.84245005933341	29.16378654450067	2.6870600275087457E-4
55.0	29.213174486232962	20.787089267596194	20.847998868638847	29.151480386621536	2.5699091046193714E-4
56.0	29.209501993516007	20.774902348004254	20.833216789377172	29.18211204065335	2.6682844921511735E-4
57.0	29.217515227234582	20.771360495319804	20.8450778451969	29.16569670319199	3.4972905672263875E-4
58.0	29.22346542615134	20.772149537332737	20.823760993352632	29.180272665122175	3.51378041111362E-4
59.0	29.235030731503564	20.766424505892285	20.818023102251463	29.17996333469326	5.583256594320388E-4
60.0	29.23733995995525	20.75506724418234	20.80265006610532	29.204582791513268	3.5993824382394576E-4
61.0	29.2464901387958	20.76046459290095	20.803994786298148	29.18875721248295	2.932695221547475E-4
62.0	29.247718275389374	20.745584161551914	20.787929222085204	29.218439355758676	3.2898521483107855E-4
63.0	29.25316389256484	20.744596559094507	20.79268405316451	29.20867776700567	8.777281704781453E-4
64.0	29.272770762058975	20.721701287430395	20.78025105349002	29.22478566600293	4.912310176784306E-4
65.0	29.27936716533628	20.72934641313947	20.78327369647128	29.207724842814244	2.8788223872692223E-4
66.0	29.29412378742395	20.712422586406365	20.7479435446702	29.245194525269564	3.155562299223643E-4
67.0	29.302851569348714	20.71044590939055	20.754017246617583	29.23232188488514	3.6338975801200965E-4
68.0	29.322474367097545	20.689624808663932	20.73761666171171	29.24983882752887	4.4533499794503594E-4
69.0	29.33281026998456	20.681709464106184	20.737368292890512	29.247497702115144	6.142709035978373E-4
70.0	29.352256594908127	20.662341889084278	20.723080059470124	29.261967900728177	3.535558092888294E-4
71.0	29.373674962392037	20.659282744118652	20.71432708256905	29.25245976650077	2.55444419486598E-4
72.0	29.38194418779496	20.63870004270946	20.695451201695512	29.283689680092085	2.1488770797910766E-4
73.0	29.40671810396043	20.62995756974251	20.695173841207133	29.26797568224236	1.7480284757699703E-4
74.0	29.4215596905041	20.61619110790772	20.686350225925807	29.275709301858626	1.8967380374744272E-4
75.0	29.451438834407256	20.610298679815553	20.678397012669652	29.258549000128635	0.0013164729789012651
76.0	29.458084286661347	20.583954783807886	20.65098661841666	29.306641864778115	3.32446335994502E-4
77.0	29.4782545503813	20.56408284349147	20.651075969140233	29.306358106284385	2.2853070261248914E-4
78.0	29.491792518516657	20.53703081719044	20.625502594523198	29.345417315124816	2.5675464488954773E-4
79.0	29.51172347547923	20.531235993380093	20.618688473764113	29.338100116293518	2.519410830478961E-4
80.0	29.538751181336526	20.49247195041636	20.59115389223216	29.37736093526629	2.620407486656097E-4
81.0	29.54887775139905	20.488504628538863	20.58095704877198	29.38141389209913	2.466791909812323E-4
82.0	29.56507612848476	20.455771850079472	20.54817765098666	29.430662745558088	3.11624891017395E-4
83.0	29.587022549457387	20.452913737085712	20.518545029649378	29.44111593172983	4.027520777003694E-4
84.0	29.605517501818806	20.42284955566329	20.463118987843643	29.508261067648263	2.528870259918471E-4
85.0	29.62275527070506	20.406245948326507	20.457206804730475	29.513320634729922	4.7134150803734257E-4
86.0	29.622929355606527	20.39296552889775	20.396449541413546	29.587333047381943	3.225267002391895E-4
87.0	29.646979612393775	20.400824341573877	20.383343407674996	29.568555173979842	2.9746437751339717E-4
88.0	29.65034517162964	20.389480708644204	20.389336098423577	29.570541753579615	2.9626772296211006E-4
89.0	29.66066953952506	20.397745544278724	20.393845093014594	29.547501952709364	2.3787047226116634E-4
90.0	29.64601090130021	20.42868437246021	20.343388643433347	29.581665321500484	2.507613057486023E-4
91.0	29.81636800010475	20.367477860490304	20.334066664419908	29.481748329143407	3.391458416328497E-4
92.0	29.690729338872412	20.371326899482114	20.291179071492	29.646485504335324	2.7918581815528933E-4
93.0	29.521131473880562	20.717289540306226	20.114446751757185	29.646821921277628	3.1031277840242756E-4
94.0	29.357281760314365	20.736564278476504	20.244427433687306	29.66172297713518	3.5503866449460716E-6
95.0	29.681876042975475	20.72653656488934	19.93241611035525	29.659171281779933	0.0
96.0	29.857122042824326	20.551201958519925	20.04295812043884	29.54604276415198	0.0026751140649334836
97.0	29.82353751839677	20.500308624204493	19.872901312143522	29.803251931554005	6.137012159544494E-7
98.0	29.660826128437428	20.752034573530427	19.18678396553952	30.40034211711955	1.3215373077158222E-5
99.0	29.31365048757929	19.51909094659913	20.507448968360375	30.657195178384676	0.002614419076528289
