# Position (bp)	A	C	G	T	N
0.0	28.281296266571676	21.865810054071115	24.884412208706884	24.967928714909476	5.52755740841723E-4
1.0	27.04865401839376	22.23770320033969	23.946397932094964	26.76366186202826	0.0035829871433290137
2.0	27.142234649148524	22.540603421148813	23.31948054153205	26.997543199235402	1.3818893521043074E-4
3.0	26.228111025357627	23.256105263505074	24.145058650743394	26.370039460041315	6.856003525909769E-4
4.0	27.245862608010302	23.248252161916266	23.28623045138095	26.219589119861386	6.565883109445881E-5
5.0	26.978222706448467	23.044432644178244	23.270301313567522	26.706970042226875	7.329357889614007E-5
6.0	27.34590147193051	22.424622440343914	23.733066282070826	26.49628383231602	1.2597333872774074E-4
7.0	26.74714332168454	23.183168227331276	23.072826271252694	26.996766745383972	9.543434752101572E-5
8.0	27.279053910603334	22.80468323981073	23.348293316260815	26.567891658897548	7.787442757714882E-5
9.0	27.167352205941274	22.813405939174146	23.24654197840869	26.77225553415383	4.4434232205784916E-4
10.0	27.0676507978739	22.87052606832721	23.294982162786017	26.766279817049455	5.611539634235724E-4
11.0	27.153917340234656	22.82359069274159	23.224061463506636	26.798148781323235	2.817221938820384E-4
12.0	27.146597907517183	22.8354436387037	23.227683387863756	26.790210934033826	6.413188153412255E-5
13.0	27.146075690767553	22.876244494430665	23.233673610988955	26.743785559601363	2.206442114685883E-4
14.0	27.11065809571555	22.83535278520486	23.170266267021212	26.883664064500305	5.8787558072945676E-5
15.0	27.067352279234854	22.880203111165837	23.289618752455336	26.76273729406947	8.856307449950258E-5
16.0	27.033266184199466	22.938830339534945	23.304020940708426	26.72380618807914	7.634747801681257E-5
17.0	27.01185300704009	23.006819295658477	23.291053321567272	26.69002471948104	2.496562531149771E-4
18.0	26.979298442413725	22.97875930706296	23.34900411128115	26.692827435399042	1.1070384312437823E-4
19.0	26.981495722831045	23.01349817303539	23.317903202636224	26.686896763306695	2.0613819064539395E-4
20.0	26.94904575424956	23.013295852218647	23.316093003932444	26.721503548142156	6.184145719361818E-5
21.0	26.905870491956275	23.010393121104446	23.35603113315782	26.72738306742423	3.2218635723094905E-4
22.0	26.87543762374399	23.06989529157163	23.329963813738537	26.724342910849604	3.603600962393553E-4
23.0	26.877584514825827	23.07067708974652	23.327908539630325	26.723223656821872	6.061989754534918E-4
24.0	26.86542465200209	23.02708649717282	23.360770021118324	26.746570715599415	1.4811410735261638E-4
25.0	26.870862119386445	23.02435631135894	23.36484468602008	26.73966355926323	2.73323971300189E-4
26.0	26.892918142310723	23.040909971542547	23.370495926342887	26.695468294663645	2.076651402057302E-4
27.0	26.877698272568068	23.033630239513645	23.412044223879636	26.676492892477345	1.343715613095901E-4
28.0	26.89976880151317	23.03756747895497	23.411096751677444	26.651166907069605	4.000607848080979E-4
29.0	26.893113591854444	23.097733109006118	23.383352841640917	26.625645472118148	1.549853803741295E-4
30.0	26.855869765128283	23.11803695730991	23.397523697035616	26.628437499389218	1.3208113696908574E-4
31.0	26.831061415621498	23.124020309162088	23.43014010311918	26.614517827197194	2.603449000373309E-4
32.0	26.92917479614613	23.130803782583882	23.340480678835355	26.599483481826127	5.7260608512609426E-5
33.0	26.86108200745249	23.108212563838705	23.397682499789894	26.632957270087815	6.565883109445881E-5
34.0	26.920565854524952	23.098305715091247	23.38528061546084	26.595756961424122	9.085349884000696E-5
35.0	26.90957334464009	23.12602137656091	23.38223816846187	26.582022050128902	1.450602082319439E-4
36.0	26.899517618310497	23.103061399496912	23.447059467722486	26.550219508160993	1.4200630911127138E-4
37.0	26.853348771404168	23.105110565806882	23.458211543836402	26.583137486782725	1.9163216982219953E-4
38.0	26.861110256019355	23.16225130877901	23.436999924018988	26.539411759172935	2.2675200970993336E-4
39.0	26.821388953631548	23.211942828321032	23.44877728597786	26.517785572549897	1.0535951966320135E-4
40.0	26.826716265570393	23.223575535515682	23.432956519071368	26.516684353783443	6.732605910967866E-5
41.0	26.80332521380541	23.180945794867394	23.438535533458996	26.577099152923857	9.430494434536206E-5
42.0	26.81240424108962	23.19884236102471	23.38340035027624	26.605294653637735	5.839397169525867E-5
43.0	26.807912330496396	23.208738523293828	23.38720845000243	26.595970534190847	1.7016201649165606E-4
44.0	26.819394498978554	23.205819181494633	23.361244837364563	26.613442715430786	9.876673146047176E-5
45.0	26.8319421702963	23.18910654169596	23.3680555826726	26.61071554076323	1.8016457190813838E-4
46.0	26.867067409673584	23.159341172818166	23.367169277990904	26.60631597825557	1.0616126177727468E-4
47.0	26.847316661105676	23.14211194089299	23.42078355950596	26.5896558222124	1.320162829815309E-4
48.0	26.811376832040995	23.14195963670892	23.47885880663185	26.567626508148123	1.782164701140046E-4
49.0	26.828623103956577	23.206296756165564	23.444939978741097	26.520047347249637	9.281388712889147E-5
50.0	26.830411813076765	23.225081403299928	23.388677876806803	26.55549826203174	3.3064478476677733E-4
51.0	26.8487747072546	23.20083742158574	23.378427956650434	26.571764841000594	1.9507350863364793E-4
52.0	26.816593126195475	23.201792253346166	23.363429531150366	26.617997419293886	1.8767001411341326E-4
53.0	26.766212520987263	23.231577526921633	23.35829010403129	26.64381202632317	1.0782173663859266E-4
54.0	26.73260345640492	23.240227021569012	23.367679647727133	26.65938181145912	1.0806283981917823E-4
55.0	26.772083899696025	23.22927665146997	23.34686669335487	26.651677888460007	9.486701912821099E-5
56.0	26.806040587006414	23.166956681914545	23.40878246080072	26.618091119892	1.2915038632287584E-4
57.0	26.778827762642806	23.208502534694965	23.403932340897114	26.608676213018413	6.114874670878782E-5
58.0	26.820059255326623	23.168895589997234	23.380620455683772	26.630228892553404	1.9580643896739165E-4
59.0	26.803022237880604	23.150267490263506	23.431359643244196	26.615208618152064	1.4201045962881976E-4
60.0	26.73553871800677	23.22251410116812	23.4462814440328	26.595539392270695	1.2634452161518068E-4
61.0	26.789705042857854	23.25022302394501	23.312412609013712	26.646783290359323	8.760338241067708E-4
62.0	26.770346497921498	23.245559967849964	23.318330903913058	26.665687110956803	7.551935868060803E-5
63.0	26.741452614767887	23.24261214940649	23.325465389500508	26.69035870959171	1.1113673340760381E-4
64.0	26.788913710014324	23.190680189204176	23.330639107999893	26.689683030347624	8.396243397989413E-5
65.0	26.775746106766363	23.15301473197592	23.36963944108949	26.701227414027755	3.7230614047593057E-4
66.0	26.75546921272176	23.167864961553484	23.421808590964098	26.654793940966204	6.329379445729751E-5
67.0	26.78357217170172	23.14926471965938	23.40800042084895	26.659037396384722	1.252914052317086E-4
68.0	26.794712095316513	23.172797464542455	23.378658759684757	26.653687294814848	1.4438564142060887E-4
69.0	26.77690387389558	23.2028024178852	23.337376752386366	26.682824529528848	9.242630400918806E-5
70.0	26.736997223625032	23.19226458789737	23.366495282367058	26.703885329806365	3.5757630417940185E-4
71.0	26.738236718579504	23.234021999246295	23.326605054058	26.701081130413417	5.50977027826955E-5
72.0	26.76454518810442	23.201735217086917	23.3079261059931	26.72571348977687	7.999903869196393E-5
73.0	26.77009380438335	23.211470520598468	23.305680578948262	26.712580585519284	1.745105506308246E-4
74.0	26.78855099350678	23.201859852265745	23.289952199183606	26.719416371740845	2.2058330302316965E-4
75.0	26.838180001912963	23.17699742414216	23.268694373225237	26.716027649441017	1.0055127861753792E-4
76.0	26.830017007425845	23.182009933988805	23.316381422002	26.671390118905425	2.01517677930117E-4
77.0	26.836826461922982	23.18410343417575	23.32142904907055	26.65747586162212	1.651932086001687E-4
78.0	26.834761195216345	23.190325596373288	23.310308738504027	26.664492469704008	1.1200020233588792E-4
79.0	26.817091583350717	23.19767233207918	23.340177776900994	26.64468150628847	3.768013806404508E-4
80.0	26.824628709224296	23.196608900943	23.28459334583737	26.694057481219012	1.1156277631971194E-4
81.0	26.801360242705368	23.207801096498653	23.275000496405514	26.7157785032959	5.9661094564120535E-5
82.0	26.784088959839025	23.185238690797576	23.288289669679173	26.742124246210796	2.58433473428127E-4
83.0	26.788686030690982	23.194345150679162	23.249899246321668	26.76701391195186	5.566035632275842E-5
84.0	26.782967489186728	23.21751198831038	23.233128169066386	26.766358557665786	3.379577072121146E-5
85.0	26.82679181625547	23.150127039410755	23.232568525713194	26.79016808602527	3.445325953146039E-4
86.0	26.796968635198233	23.158780584977457	23.267200402585615	26.776948597688566	1.0177955012539792E-4
87.0	26.801340080729563	23.164908716820637	23.287406722922015	26.74625014307695	9.433645083291268E-5
88.0	26.83484693502577	23.11214812156493	23.287696338221956	26.765259211120547	4.9394066801728207E-5
89.0	26.78962034601458	23.12897445373255	23.279040127948072	26.801585862828937	7.792094758563395E-4
90.0	26.744215823944128	23.20431809100931	23.257520496752626	26.793789918162503	1.5567013143331836E-4
91.0	26.773938631910404	23.21010695921774	23.233712609332148	26.782183507633988	5.8291905718843134E-5
92.0	26.783839511740425	23.195440964065188	23.194110096242536	26.826545848727275	6.357922458107541E-5
93.0	26.77036308831874	23.23806316269536	23.186701352221682	26.80478025482671	9.214193750727125E-5
94.0	26.78259187349749	23.21210391618695	23.208596836201256	26.79662623566521	8.11384490906814E-5
95.0	26.792524188136678	23.157830733355013	23.22998307483936	26.819530480920456	1.3152274849040656E-4
96.0	26.8111190906413	23.15303547426074	23.211470303306253	26.82428492513858	9.020665312057643E-5
97.0	26.822423632850217	23.13229767038879	23.24493703702963	26.800249488471245	9.21712601141654E-5
98.0	26.834234560938125	23.123691200456093	23.233051966675355	26.808932483334623	8.978859580225238E-5
99.0	26.801728447718304	23.129061100487	23.24391424885592	26.82522016382496	7.603911382093924E-5
100.0	26.788625405554356	23.160110792487657	23.24934002390009	26.801415504182973	5.082738749296434E-4
101.0	26.797313685138104	23.173925710655027	23.202312412508057	26.826301442713874	1.4674898493858928E-4
102.0	26.809595913387785	23.179100840735032	23.154658865748377	26.856532471165533	1.1190896327439493E-4
103.0	26.843511776564714	23.138626111972442	23.122140320226784	26.89566258518723	5.920604882927859E-5
104.0	26.844216842783474	23.124937800344735	23.14835221220549	26.882445285994866	4.785867142892353E-5
105.0	26.790471906535885	23.139310144923723	23.180510920912415	26.88961280159819	9.422602979139051E-5
106.0	26.84443063266192	23.096575089787013	23.15847665997738	26.900451633934573	6.59836391070156E-5
107.0	26.854453531034828	23.093637698058693	23.18051204530808	26.871214252169462	1.8247342893933232E-4
108.0	26.825881813663877	23.12381331676875	23.197963575745902	26.85228745055169	5.384326977972898E-5
109.0	26.862054352894177	23.116239622447075	23.161441636589693	26.860195058445548	6.93296235081807E-5
110.0	26.82049316301035	23.124540086039996	23.171657283385183	26.883242612875314	6.685468915582521E-5
111.0	26.81442209073951	23.150590451483303	23.181146965427207	26.853578488714618	2.6200363535936876E-4
112.0	26.82359107789002	23.1513167445123	23.132909657651933	26.89207151877937	1.110011663766003E-4
113.0	26.843215803407094	23.12985467335464	23.087444292770652	26.939324508987433	1.607214801856578E-4
114.0	26.847249727034228	23.117529844231612	23.08720759653567	26.947830416548335	1.8241565015545617E-4
115.0	26.837024886175136	23.08209976096204	23.097926420481343	26.982728069590184	2.2086279129156417E-4
116.0	26.857553484799386	23.07977693282046	23.106675517919957	26.955944170134995	4.989432520516893E-5
117.0	26.890668443270684	23.071075581628644	23.11449516470397	26.923678237202964	8.257319373713314E-5
118.0	26.873849733825537	23.06383730533483	23.112408589806968	26.94975343015247	1.5094088019348086E-4
119.0	26.8620648379857	23.0736207761636	23.109122290950733	26.955069504857605	1.2259004236272038E-4
120.0	26.897563636805273	23.05856696598764	23.084677665728822	26.95912123061494	7.050086332537195E-5
121.0	26.878743034739372	23.074772549913668	23.08413620153268	26.962105504942258	2.427088720207167E-4
122.0	26.900997685560952	23.081428830740702	23.035190911781264	26.98202482989628	3.577420208038277E-4
123.0	26.874904330972342	23.097008277219185	23.041817660934267	26.986204882639143	6.484823505562648E-5
124.0	26.917859445860188	23.06016032801309	23.01141550154309	27.01038642492339	1.782996602442458E-4
125.0	26.951048731083553	23.02519422434367	22.98933315251818	27.034267773231747	1.5611882284557278E-4
126.0	26.953480126199874	23.031943419344444	22.999481313692772	27.014898430092842	1.967106700683465E-4
127.0	26.99689961961793	23.00616830778368	23.01825290110641	26.97831858282025	3.6058867172679773E-4
128.0	27.013353060220417	22.971419621366433	23.03015342376235	26.984840563348822	2.3333130197846906E-4
129.0	27.021341042423668	22.98463508070084	23.020378392453456	26.97345512433571	1.9036008632287437E-4
130.0	27.016971176294735	22.99860061793477	23.016627511952446	26.967644861731234	1.558320868172516E-4
131.0	27.02553364962269	22.978959955900727	22.973245544252453	27.022189919590033	7.093063409569246E-5
132.0	27.009705135975317	22.98299425302419	22.945526700714996	27.061571758086693	2.021521988014205E-4
133.0	27.062204672872653	22.951305442984197	22.951295315840646	27.035127729155057	6.683914744966068E-5
134.0	27.053545153005494	22.943217462714934	22.911264801115436	27.09188487957364	8.770359050035092E-5
135.0	27.07624596700095	22.93082922213054	22.88069117042386	27.11217611440598	5.7526038673461465E-5
136.0	27.14563861461567	22.846173994636636	22.844885660273533	27.163170310021055	1.3142045310378064E-4
137.0	27.08002329732902	22.90111364848607	22.858025204894016	27.160736712499812	1.0113679108622446E-4
138.0	27.140093120642746	22.84415258920545	22.837661943552966	27.178017741476395	7.460512244234727E-5
139.0	27.137070658890206	22.895876917975393	22.811777893026004	27.15457328118513	7.012489232730609E-4
140.0	27.10714669347456	22.95661576408942	22.829275646005602	27.106454505702303	5.073907281191541E-4
141.0	27.09298131751721	22.86106652789287	22.81524044379226	27.23065567946908	5.6031328581244515E-5
142.0	26.909968242001863	22.970514455913126	22.76574724030652	27.35369939616121	7.06656172786262E-5
143.0	27.34888493143642	22.697734005949812	23.083301260881047	26.86989108108524	1.88720647479475E-4
144.0	26.859161248083733	23.32525268563105	22.383261970719218	27.4322742569556	4.9838610396763854E-5
145.0	27.01105286218072	22.9527687272746	22.966893512157835	27.06924688645983	3.80119270247025E-5
146.0	26.683332900287233	22.894661700152987	23.030053252474875	27.391937467556126	1.4679528779447655E-5
147.0	26.90373190685308	23.658520094786873	22.99699940995777	26.44029845215422	4.501362480579917E-4
148.0	27.472861208694827	22.867682054859568	22.07564761685819	27.583753176969832	5.594261757928028E-5
149.0	27.271585517088877	23.578201014198875	21.65009759000872	27.498236113252815	0.0018797654507166296
150.0	25.77897740637575	24.31069487343668	21.077756156567734	28.831863258322105	7.083052977292028E-4
