# Position (bp)	A	C	G	T	N
0.0	29.083729275824172	22.081110950948148	21.167022073213264	27.668137700014416	0.0
1.0	29.566556030522417	20.196721634741078	21.49758254179398	28.713879563095162	0.0252602298473537
2.0	28.607223035932538	21.18888783461073	20.91100711514059	29.292882014316145	0.0
3.0	28.615943872882575	21.1345545100334	21.096364920857223	29.15313396755441	2.7286723873707727E-6
4.0	28.8719770221045	20.9028156406337	21.135634154741336	29.08947676942944	9.641309102043399E-5
5.0	28.849036163786412	21.158355809710976	21.465397850984946	28.527194713040803	1.5462476861767713E-5
6.0	28.761393025818986	20.816023848451138	21.711862455701823	28.71051329092661	2.0737910144017873E-4
7.0	28.717713347799425	21.184362786235006	21.480279120628204	28.61764019755006	4.547787312284621E-6
8.0	28.603452920250653	21.207256347565046	21.27463909305624	28.914650729570596	9.095574624569242E-7
9.0	28.683042836445487	21.237399081870866	21.378258607851723	28.70129947383192	0.0
10.0	28.671970793455	21.24091997880804	21.200092672990735	28.887016554746225	0.0
11.0	28.79243076466787	21.16623530600824	21.167659672994446	28.873673346771984	9.095574624569242E-7
12.0	28.81640578982077	21.104373574314156	21.179713128486924	28.899507507378146	0.0
13.0	28.905533325566925	21.04840395586187	21.185082246187807	28.860979562825932	9.095574624569242E-7
14.0	28.89472232556816	21.069814938528104	21.19265704073515	28.842804785611122	9.095574624569242E-7
15.0	28.839222038766504	21.06861705135005	21.264118241888003	28.828042667995447	0.0
16.0	28.774252349223207	21.12881247377291	21.284869795393956	28.812065381609926	0.0
17.0	28.697538453724665	21.221893855808364	21.299140751979905	28.781424209814677	2.7286723873707727E-6
18.0	28.683811412501264	21.23132778580897	21.33199669619624	28.75286410549353	0.0
19.0	28.672262761400447	21.28088411459347	21.319854104072437	28.72699901993364	0.0
20.0	28.70795834401457	21.28036293816748	21.24707768282887	28.764601034989074	0.0
21.0	28.66823524095669	21.289045573704097	21.235339843775865	28.80737934156335	0.0
22.0	28.62560519224879	21.301461942624098	21.260023414192023	28.812908541377624	9.095574624569242E-7
23.0	28.676950620561954	21.264239213030507	21.286072230359327	28.772731569145975	6.3669022371984695E-6
24.0	28.73299209405377	21.220675048808673	21.28410030978072	28.762013344008388	2.1920334845211876E-4
25.0	28.719920843760804	21.209521145646562	21.314773316087155	28.755784694505483	0.0
26.0	28.709878419817812	21.266159288833755	21.377913885573452	28.646048405774977	0.0
27.0	28.655023918814504	21.288337028440843	21.4074672266436	28.649171826101057	0.0
28.0	28.630373092466993	21.32864770561947	21.41957889381368	28.621400308099858	0.0
29.0	28.555091749971822	21.40721891745635	21.40368710582963	28.634001317184737	9.095574624569242E-7
30.0	28.59484304931104	21.42023104651426	21.339629702421174	28.645296201753524	0.0
31.0	28.59580990889363	21.392594143017504	21.326050009506694	28.68554593858217	0.0
32.0	28.63308266414765	21.369448634270363	21.295779027598666	28.701689673983317	0.0
33.0	28.644611304984295	21.322233506394227	21.314540469376762	28.718614719244716	0.0
34.0	28.685138456838988	21.318964556874157	21.331975776374602	28.663913933452555	7.276459699655394E-6
35.0	28.71112815177123	21.318762635117487	21.344034689211856	28.626073614341962	9.095574624569242E-7
36.0	28.68318927519694	21.346565987629873	21.39607683854125	28.574165169959542	2.7286723873707727E-6
37.0	28.649261872289838	21.34727089466328	21.408853392216383	28.594612021715577	1.8191149249138484E-6
38.0	28.59332045011889	21.402240909464325	21.43086013502053	28.573574867166407	3.638229849827697E-6
39.0	28.56197255217531	21.433970821542133	21.42030926845603	28.583743719596676	3.638229849827697E-6
40.0	28.56339615051343	21.467945890513622	21.396972906455762	28.571678682738504	6.369778683313605E-6
41.0	28.56298829987547	21.4527667523062	21.34518612874443	28.639049715264715	9.103809188529236E-6
42.0	28.56541827262355	21.4203624843178	21.335809356637178	28.67840260010681	7.286314659826469E-6
43.0	28.60612938891622	21.394800490105016	21.307513051633418	28.691548868550456	8.20079489575965E-6
44.0	28.666228362068285	21.368023775765145	21.296851165347114	28.668893961935872	2.7348835850764806E-6
45.0	28.675993105975685	21.342622445165983	21.352919575191674	28.628456665148487	8.20851817814201E-6
46.0	28.67578058903551	21.345983253981835	21.374391545666114	28.603836398717764	8.212598778058378E-6
47.0	28.664047310551076	21.324800018346764	21.391336255243086	28.619810938122782	5.477736297721103E-6
48.0	28.609263380100273	21.34632762552012	21.462260493077213	28.582139367408033	9.13389436026414E-6
49.0	28.590455431290906	21.40677069404848	21.452189864615633	28.550573958119013	1.0051925965006596E-5
50.0	28.583466467650563	21.4452744177212	21.416944939239958	28.55430777572554	6.399662741430477E-6
51.0	28.604903150187415	21.430859084174166	21.364039679163316	28.60018985444295	8.232032156073768E-6
52.0	28.575470389449404	21.43597966346151	21.34360324458033	28.644943042152182	3.6603565749168703E-6
53.0	28.563928201262346	21.422937682343896	21.316276315954507	28.696852307291447	5.493147801655983E-6
54.0	28.60361529274757	21.38118116212059	21.34412950525935	28.67106945993963	4.579932862947359E-6
55.0	28.642577094644032	21.36584351165777	21.347331649297608	28.644238580112297	9.164288297109453E-6
56.0	28.661753287811425	21.359949164000835	21.376561120990043	28.601727258439013	9.168758687055028E-6
57.0	28.631773989909703	21.344223750903048	21.429204710223782	28.594789293041252	8.255922213801692E-6
58.0	28.59755540804272	21.370849272978187	21.43003021060031	28.60155868404774	6.424331048862627E-6
59.0	28.538611192157585	21.413292423163156	21.45831870862086	28.589768493766716	9.182291675035942E-6
60.0	28.51055665559571	21.472000165511304	21.443620893420754	28.573813098565985	9.18690624795247E-6
61.0	28.523439641558383	21.49248884792033	21.352818712097683	28.631243606877693	9.191545906528026E-6
62.0	28.53922041699775	21.458257113621144	21.293045024984124	28.70946640916819	1.1035228790823633E-5
63.0	28.57527197785179	21.421787009856473	21.294028479027777	28.70890793290061	4.6003633532589485E-6
64.0	28.60575635189199	21.387145271251157	21.29087577897575	28.716210630704452	1.1967176648820108E-5
65.0	28.646461516416082	21.347114687821808	21.321573318508023	28.68484587205245	4.605201636036565E-6
66.0	28.638812123435407	21.332503428458274	21.395090024583457	28.633584286698582	1.0136824273764735E-5
67.0	28.627353980917945	21.342768620832945	21.432671426649293	28.597158948892766	4.702270705317279E-5
68.0	28.597722899778738	21.37426160733405	21.412990412150847	28.615013088395113	1.1992341248084835E-5
69.0	28.55721295320972	21.41207479273751	21.414449556221037	28.616249776460272	1.2921371461076325E-5
70.0	28.508789920400996	21.48551255071424	21.393419429858902	28.61226978820577	8.310820091226578E-6
71.0	28.522739277167457	21.486179158879782	21.3453338360105	28.645736641105778	1.1086836482632387E-5
72.0	28.539579112073405	21.461231125790896	21.321312799061776	28.67786679465806	1.0168415866836793E-5
73.0	28.583669180208553	21.407829171172686	21.285490336561143	28.723004837782124	6.474275492963823E-6
74.0	28.594215958628066	21.38260460698974	21.281265665320653	28.741904514870747	9.254190790375541E-6
75.0	28.677445197363642	21.33514594699323	21.301579130249525	28.685824169659956	5.555733647684151E-6
76.0	28.693537478355	21.29657920518347	21.362040890396763	28.64782945583319	1.2970231576814399E-5
77.0	28.665862020049353	21.332367549760953	21.38870059915807	28.61306519639762	4.6346340044357525E-6
78.0	28.64154496759539	21.34442695711219	21.422694268903385	28.59132638707116	7.419317885719949E-6
79.0	28.59538320530287	21.3883158563061	21.45010761291775	28.566184974107333	8.351365942918117E-6
80.0	28.588309741429057	21.429541059632427	21.436469136896662	28.545670777564148	9.28447770602393E-6
81.0	28.591050758061332	21.427787313476408	21.37626026196945	28.604893305783495	8.360709314774937E-6
82.0	28.587594027088663	21.42027479187318	21.330917316539775	28.661200852040846	1.3012457531985922E-5
83.0	28.57779337296752	21.421071583157804	21.310716117082702	28.690365917778575	5.300901340154347E-5
84.0	28.608240384070243	21.395157290952334	21.291233005611613	28.705358153516087	1.1165849725025598E-5
85.0	28.641000126067045	21.332243328038196	21.30625904870408	28.72049191117577	5.586014905219432E-6
86.0	28.6760485681032	21.31485762822198	21.339729116064024	28.66934978279019	1.490482061023689E-5
87.0	28.680209513580614	21.32348158700995	21.367870799995906	28.62842318587579	1.4913537739648668E-5
88.0	28.67714167741888	21.32547108622858	21.39800920187098	28.599362179767297	1.5854714262655668E-5
89.0	28.606701701726877	21.35923393712731	21.426510688792682	28.607546207112154	7.465240974852598E-6
90.0	28.532716549627747	21.439342285778764	21.425212742620143	28.6027209524468	7.469526549194979E-6
91.0	28.56603359885196	21.45151334125643	21.371683522052273	28.61076112988188	8.407957459098441E-6
92.0	28.56780517218203	21.43917489552075	21.307718745343603	28.685294643870403	6.543083216530729E-6
93.0	28.552041110806748	21.42935051847919	21.310992451675663	28.70761217791039	3.7411280084561463E-6
94.0	28.578141907860026	21.41113588477292	21.294770807307863	28.715942041815794	9.358243392581838E-6
95.0	28.623583457014725	21.352512069937656	21.307005646433357	28.716892272056256	6.554558005928168E-6
96.0	28.655261412885757	21.342939236913427	21.330209337835846	28.671581580106803	8.432258165763673E-6
97.0	28.673077571914753	21.314027988616218	21.372809270639337	28.640077669064834	7.4997648589349075E-6
98.0	28.64646808097746	21.34414365532115	21.384961051204876	28.624420646293196	6.566203318152052E-6
99.0	28.594879839096482	21.365301530263263	21.39313407214369	28.646669541275614	1.501722095119697E-5
100.0	28.550893689500057	21.39948535449986	21.39527714056399	28.654333485073835	1.0330362261669035E-5
101.0	28.54199594836856	21.461617636353246	21.335310845763665	28.661063353521456	1.2215993078531083E-5
102.0	28.574840787614132	21.45565268744794	21.267106452106017	28.702387848925415	1.2223906498925458E-5
103.0	28.605688835915664	21.385804734489973	21.252267620686442	28.75623128192675	7.52698116965712E-6
104.0	28.596269836610226	21.360409528705617	21.276845038381218	28.766463356973816	1.2239329122075182E-5
105.0	28.624934454516026	21.351962711249296	21.277998597438273	28.745091048096384	1.3188700019796239E-5
106.0	28.67974956459049	21.308423962737464	21.27870884253654	28.733110088944574	7.541190927494843E-6
107.0	28.70054529370388	21.299616000632046	21.319844762785177	28.679979794252947	1.4148625958076563E-5
108.0	28.684001669781278	21.31957779477065	21.34372278149907	28.652682652714233	1.5101234760954674E-5
109.0	28.651815089442927	21.33338835018172	21.36497046411239	28.649819485174522	6.6110884424234075E-6
110.0	28.591823733974024	21.378345981533357	21.395442081470676	28.634376862325468	1.1340696475832263E-5
111.0	28.583867044877387	21.402033082481058	21.373726476996175	28.640369612983367	3.782662009806249E-6
112.0	28.573047944108172	21.419909765185498	21.323217845758922	28.683820659787123	3.7851602828960663E-6
113.0	28.595773944702984	21.40111254005384	21.281543327840996	28.72155503647642	1.5150925757547234E-5
114.0	28.58103132753152	21.385791589396714	21.260713995691802	28.772453611732896	9.4756470658801E-6
115.0	28.64685350338812	21.330914143863072	21.226215284385518	28.796004741814656	1.2326548630291932E-5
116.0	28.68833017415379	21.28890748925279	21.241184386141533	28.781563718061353	1.4232390533608187E-5
117.0	28.73995453486288	21.281043747960677	21.273813601293046	28.70517672234959	1.1393533816359667E-5
118.0	28.722992224557842	21.271050492297718	21.314676427363143	28.691264703657943	1.615212335813666E-5
119.0	28.697839107128704	21.294804740309655	21.339932364089638	28.66741142838627	1.2360085731075871E-5
120.0	28.659117609785	21.30389635003328	21.360233603654724	28.67674387362218	8.562904811324955E-6
121.0	28.64389245702815	21.376060505127466	21.335682343891612	28.644344700050723	1.9993902050292775E-5
122.0	28.64077240708162	21.390721311724057	21.276507038659418	28.691983045983	1.619655190272709E-5
123.0	28.662089796989772	21.36300354472114	21.236965265340576	28.737926138347657	1.5254600861509304E-5
124.0	28.651750424340783	21.35696271151872	21.215614695132988	28.775592976029372	7.919297813609727E-5
125.0	28.770013354904272	21.28690043771056	21.170846143909845	28.772220966489297	1.9096986029638064E-5
126.0	28.777451891905148	21.255158833694704	21.16458309401234	28.80253956473552	2.666156522939711E-4
127.0	28.787440624245175	21.250143104497763	21.20633694210895	28.756050638913827	2.869023428512261E-5
128.0	28.831954042756742	21.21091792700668	21.25726737335001	28.699841515691688	1.9141194880476877E-5
129.0	28.828766502485838	21.206616243543785	21.256799468249763	28.707795756210214	2.2029510406486897E-5
130.0	28.78707739597033	21.21845180300723	21.258394119136874	28.736067096726554	9.585159014577024E-6
131.0	28.762254109908643	21.283118859777957	21.252164451009513	28.7024587419012	3.83740268622601E-6
132.0	28.77447252439998	21.295403953342433	21.191081513910312	28.73902952740459	1.248094268060829E-5
133.0	28.805288866989176	21.24192890475225	21.180104652633588	28.77267085006257	6.725562416750148E-6
134.0	28.828495975793945	21.23312142059439	21.11048665208986	28.827878643129345	1.7308392465452905E-5
135.0	28.839260748139484	21.211889510744374	21.04905404092531	28.899779339653087	1.636053774777854E-5
136.0	28.862805708592397	21.148824298244982	21.04671679691321	28.941639711625143	1.3484624267945033E-5
137.0	28.873615044200353	21.138109990037673	21.05588628340285	28.9323684368634	2.024549572426699E-5
138.0	28.932543873472756	21.12000714652188	21.089652954847114	28.857784446218083	1.1578940177289784E-5
139.0	28.899449701622178	21.104264464964476	21.160675754435317	28.835590762027895	1.9316950132124558E-5
140.0	28.902799400873725	21.13913495280872	21.22723209078377	28.73082485505928	8.700474506478634E-6
141.0	28.71865842542548	21.308835537717684	21.236521760233714	28.73596685884476	1.7417778361208843E-5
142.0	28.929417582125517	21.213492871504997	21.206567507595043	28.65050751003897	1.4528735475429428E-5
143.0	28.63658186915419	21.39880775012157	21.179944247812827	28.784652559740543	1.3573170874887718E-5
144.0	28.7345899742419	21.623332384476154	20.818762048608463	28.823104045460056	2.1154721342732472E-4
145.0	28.517668160480248	21.38598294193848	21.16882543702585	28.927515690326377	7.770229043430025E-6
146.0	29.105985542147124	21.072462278720682	20.90980061739717	28.91168933685831	6.222487671817834E-5
147.0	29.190245290250218	21.01910604981284	21.123787312987307	28.66686134694963	0.0
148.0	29.325898969068515	20.816054550063217	21.17687930537	28.681167175498267	0.0
149.0	28.78436947729743	21.349689638908924	20.15182640229247	29.68801604474058	0.02609843676059602
150.0	27.589357943059074	20.99305762418203	22.15441815665296	29.263166276105938	0.0
