32
PAJA_USNM606730.2 0.0000000 0.2122751 0.2596389 0.0723233 0.2297363 0.2297363 0.2213789 0.0106996 0.2065796 0.2065796 0.2395528 0.2395528 0.2548944 0.2395528 0.2213789 0.1985371 0.2122751 0.2122751 0.2122751 0.2122751 0.1428314 0.1339505 0.0662883 0.0843941 0.0786733 0.0723233 0.0492450 0.0222537 0.0068330 0.0104159 0.9341835 0.9821862 
CISK_3.2          0.2122751 0.0000000 0.0033035 0.1637291 0.0106605 0.0106605 0.0102107 0.3675389 0.0138179 0.0138179 0.0066982 0.0066982 0.0101742 0.0066982 0.0102107 0.0032606 0.0000010 0.0000010 0.0000010 0.0000010 0.0337807 0.0295292 0.1522568 0.1619001 0.1516445 0.1410230 0.2161792 0.1520535 0.2393664 0.2544585 0.9207584 0.9525952 
POJA_4.2          0.2596389 0.0033035 0.0000000 0.1430742 0.0146867 0.0146867 0.0140459 0.4951470 0.0178373 0.0178373 0.0103557 0.0103557 0.0139931 0.0103557 0.0140459 0.0067110 0.0033035 0.0033035 0.0033035 0.0033035 0.0390075 0.0344770 0.1337444 0.1417666 0.1332796 0.1245016 0.2534768 0.1743141 0.2935328 0.3110452 1.0233411 1.0629070 
POJA_4.1          0.0723233 0.1637291 0.1430742 0.0000000 0.1805742 0.1805742 0.1635593 0.0998748 0.1766906 0.1766906 0.1776016 0.1776016 0.1910854 0.1776016 0.1635593 0.1522568 0.1637291 0.1637291 0.1637291 0.1637291 0.1095125 0.1020693 0.0033339 0.0138373 0.0102822 0.0067596 0.0703896 0.0488481 0.0852998 0.0926537 1.1082444 1.1649956 
ANSK01.1          0.2297363 0.0106605 0.0146867 0.1805742 0.0000000 0.0000010 0.0000010 0.5158562 0.0034051 0.0034051 0.0034034 0.0034034 0.0068908 0.0034034 0.0000010 0.0070029 0.0106605 0.0106605 0.0106605 0.0106605 0.0315359 0.0271023 0.1655137 0.1779135 0.1646889 0.1512710 0.2308867 0.1522941 0.2678813 0.2889925 1.0920840 1.1393655 
ANSK01.2          0.2297363 0.0106605 0.0146867 0.1805742 0.0000010 0.0000000 0.0000010 0.5158562 0.0034051 0.0034051 0.0034034 0.0034034 0.0068908 0.0034034 0.0000010 0.0070029 0.0106605 0.0106605 0.0106605 0.0106605 0.0315359 0.0271023 0.1655137 0.1779135 0.1646889 0.1512710 0.2308867 0.1522941 0.2678813 0.2889925 1.0920840 1.1393655 
ANSK7.1           0.2213789 0.0102107 0.0140459 0.1635593 0.0000010 0.0000010 0.0000000 0.4829109 0.0032669 0.0032669 0.0032654 0.0032654 0.0066090 0.0032654 0.0000010 0.0067110 0.0102107 0.0102107 0.0102107 0.0102107 0.0300544 0.0258529 0.1508410 0.1615131 0.1501745 0.1386916 0.2242345 0.1507891 0.2561984 0.2759074 1.0516090 1.0945462 
PAJA_USNM606730.1 0.0106996 0.3675389 0.4951470 0.0998748 0.5158562 0.5158562 0.4829109 0.0000000 0.4799077 0.4799077 0.4894425 0.4894425 0.4912219 0.4894425 0.4829109 0.3477897 0.3675389 0.3675389 0.3675389 0.3675389 0.2066911 0.1915939 0.0916236 0.1164956 0.1088259 0.0998748 0.0690916 0.0365113 0.0184124 0.0225127 1.2726504 1.3521838 
ANSK8.1           0.2065796 0.0138179 0.0178373 0.1766906 0.0034051 0.0034051 0.0032669 0.4799077 0.0000000 0.0000010 0.0066222 0.0066222 0.0100530 0.0066222 0.0032669 0.0102148 0.0138179 0.0138179 0.0138179 0.0138179 0.0344073 0.0300544 0.1628616 0.1743036 0.1621064 0.1496491 0.2122751 0.1413332 0.2408341 0.2609739 1.0640183 1.1083767 
ANSK8.2           0.2065796 0.0138179 0.0178373 0.1766906 0.0034051 0.0034051 0.0032669 0.4799077 0.0000010 0.0000000 0.0066222 0.0066222 0.0100530 0.0066222 0.0032669 0.0102148 0.0138179 0.0138179 0.0138179 0.0138179 0.0344073 0.0300544 0.1628616 0.1743036 0.1621064 0.1496491 0.2122751 0.1413332 0.2408341 0.2609739 1.0640183 1.1083767 
GRSK_MKP1592.1    0.2395528 0.0066982 0.0103557 0.1776016 0.0034034 0.0034034 0.0032654 0.4894425 0.0066222 0.0066222 0.0000000 0.0000010 0.0032544 0.0000010 0.0032654 0.0102107 0.0066982 0.0066982 0.0066982 0.0066982 0.0344031 0.0300490 0.1635593 0.1751642 0.1627918 0.1501745 0.2383915 0.1618232 0.2746010 0.2935328 1.0377012 1.0789776 
GRSK_MKP1592.2    0.2395528 0.0066982 0.0103557 0.1776016 0.0034034 0.0034034 0.0032654 0.4894425 0.0066222 0.0066222 0.0000010 0.0000000 0.0032544 0.0000010 0.0032654 0.0102107 0.0066982 0.0066982 0.0066982 0.0066982 0.0344031 0.0300490 0.1635593 0.1751642 0.1627918 0.1501745 0.2383915 0.1618232 0.2746010 0.2935328 1.0377012 1.0789776 
GRSK_MKP1593.1    0.2548944 0.0101742 0.0139931 0.1910854 0.0068908 0.0068908 0.0066090 0.4912219 0.0100530 0.0100530 0.0032544 0.0032544 0.0000000 0.0032544 0.0066090 0.0137891 0.0101742 0.0101742 0.0101742 0.0101742 0.0388265 0.0343229 0.1759244 0.1882762 0.1750627 0.1614355 0.2500176 0.1722412 0.2886002 0.3062360 1.0261266 1.0660837 
GRSK_MKP1593.2    0.2395528 0.0066982 0.0103557 0.1776016 0.0034034 0.0034034 0.0032654 0.4894425 0.0066222 0.0066222 0.0000010 0.0000010 0.0032544 0.0000000 0.0032654 0.0102107 0.0066982 0.0066982 0.0066982 0.0066982 0.0344031 0.0300490 0.1635593 0.1751642 0.1627918 0.1501745 0.2383915 0.1618232 0.2746010 0.2935328 1.0377012 1.0789776 
CISK2.2           0.2213789 0.0102107 0.0140459 0.1635593 0.0000010 0.0000010 0.0000010 0.4829109 0.0032669 0.0032669 0.0032654 0.0032654 0.0066090 0.0032654 0.0000000 0.0067110 0.0102107 0.0102107 0.0102107 0.0102107 0.0300544 0.0258529 0.1508410 0.1615131 0.1501745 0.1386916 0.2242345 0.1507891 0.2561984 0.2759074 1.0516090 1.0945462 
ANSK7.2           0.1985371 0.0032606 0.0067110 0.1522568 0.0070029 0.0070029 0.0067110 0.3477897 0.0102148 0.0102148 0.0102107 0.0102107 0.0137891 0.0102107 0.0067110 0.0000000 0.0032606 0.0032606 0.0032606 0.0032606 0.0295346 0.0254246 0.1415698 0.1506621 0.1410230 0.1311217 0.2044850 0.1424562 0.2251819 0.2403439 0.9313686 0.9646427 
CISK55.1          0.2122751 0.0000010 0.0033035 0.1637291 0.0106605 0.0106605 0.0102107 0.3675389 0.0138179 0.0138179 0.0066982 0.0066982 0.0101742 0.0066982 0.0102107 0.0032606 0.0000000 0.0000010 0.0000010 0.0000010 0.0337807 0.0295292 0.1522568 0.1619001 0.1516445 0.1410230 0.2161792 0.1520535 0.2393664 0.2544585 0.9207584 0.9525952 
CISK2.1           0.2122751 0.0000010 0.0033035 0.1637291 0.0106605 0.0106605 0.0102107 0.3675389 0.0138179 0.0138179 0.0066982 0.0066982 0.0101742 0.0066982 0.0102107 0.0032606 0.0000010 0.0000000 0.0000010 0.0000010 0.0337807 0.0295292 0.1522568 0.1619001 0.1516445 0.1410230 0.2161792 0.1520535 0.2393664 0.2544585 0.9207584 0.9525952 
CISK55.2          0.2122751 0.0000010 0.0033035 0.1637291 0.0106605 0.0106605 0.0102107 0.3675389 0.0138179 0.0138179 0.0066982 0.0066982 0.0101742 0.0066982 0.0102107 0.0032606 0.0000010 0.0000010 0.0000000 0.0000010 0.0337807 0.0295292 0.1522568 0.1619001 0.1516445 0.1410230 0.2161792 0.1520535 0.2393664 0.2544585 0.9207584 0.9525952 
CISK_3.1          0.2122751 0.0000010 0.0033035 0.1637291 0.0106605 0.0106605 0.0102107 0.3675389 0.0138179 0.0138179 0.0066982 0.0066982 0.0101742 0.0066982 0.0102107 0.0032606 0.0000010 0.0000010 0.0000010 0.0000000 0.0337807 0.0295292 0.1522568 0.1619001 0.1516445 0.1410230 0.2161792 0.1520535 0.2393664 0.2544585 0.9207584 0.9525952 
CHSK_MKP2451.1    0.1428314 0.0337807 0.0390075 0.1095125 0.0315359 0.0315359 0.0300544 0.2066911 0.0344073 0.0344073 0.0344031 0.0344031 0.0388265 0.0344031 0.0300544 0.0295346 0.0337807 0.0337807 0.0337807 0.0337807 0.0000000 0.0032794 0.1019358 0.1086834 0.1016201 0.0944671 0.1526778 0.1051744 0.1622201 0.1734488 0.8706445 0.9007829 
CHSK_MKP2451.2    0.1339505 0.0295292 0.0344770 0.1020693 0.0271023 0.0271023 0.0258529 0.1915939 0.0300544 0.0300544 0.0300490 0.0300490 0.0343229 0.0300490 0.0258529 0.0254246 0.0295292 0.0295292 0.0295292 0.0295292 0.0032794 0.0000000 0.0948563 0.1013302 0.0945707 0.0877536 0.1441185 0.0983356 0.1525672 0.1633667 0.8801566 0.9116612 
POJA_IB2659.1     0.0662883 0.1522568 0.1337444 0.0033339 0.1655137 0.1655137 0.1508410 0.0916236 0.1628616 0.1628616 0.1635593 0.1635593 0.1759244 0.1635593 0.1508410 0.1415698 0.1522568 0.1522568 0.1522568 0.1522568 0.1019358 0.0948563 0.0000000 0.0102322 0.0067596 0.0033339 0.0646166 0.0439612 0.0786190 0.0855593 1.1273132 1.1866740 
POJA_IB2659.2     0.0843941 0.1619001 0.1417666 0.0138373 0.1779135 0.1779135 0.1615131 0.1164956 0.1743036 0.1743036 0.1751642 0.1751642 0.1882762 0.1751642 0.1615131 0.1506621 0.1619001 0.1619001 0.1619001 0.1619001 0.1086834 0.1013302 0.0102322 0.0000000 0.0175491 0.0138373 0.0818899 0.0587251 0.0985364 0.1066341 1.0799048 1.1330386 
POJA_MKP1559.1    0.0786733 0.1516445 0.1332796 0.0102822 0.1646889 0.1646889 0.1501745 0.1088259 0.1621064 0.1621064 0.1627918 0.1627918 0.1750627 0.1627918 0.1501745 0.1410230 0.1516445 0.1516445 0.1516445 0.1516445 0.1016201 0.0945707 0.0067596 0.0175491 0.0000000 0.0102822 0.0644461 0.0539330 0.0923621 0.1001756 1.0900163 1.1442834 
POJA_MKP1559.2    0.0723233 0.1410230 0.1245016 0.0067596 0.1512710 0.1512710 0.1386916 0.0998748 0.1496491 0.1496491 0.1501745 0.1501745 0.1614355 0.1501745 0.1386916 0.1311217 0.1410230 0.1410230 0.1410230 0.1410230 0.0944671 0.0877536 0.0033339 0.0138373 0.0102822 0.0000000 0.0703896 0.0488481 0.0852998 0.0926537 1.1082444 1.1649956 
LTJA_MKP990.1     0.0492450 0.2161792 0.2534768 0.0703896 0.2308867 0.2308867 0.2242345 0.0690916 0.2122751 0.2122751 0.2383915 0.2383915 0.2500176 0.2383915 0.2242345 0.2044850 0.2161792 0.2161792 0.2161792 0.2161792 0.1526778 0.1441185 0.0646166 0.0818899 0.0644461 0.0703896 0.0000000 0.0300713 0.0597681 0.0655663 0.9964786 1.0452945 
LTJA_MKP990.2     0.0222537 0.1520535 0.1743141 0.0488481 0.1522941 0.1522941 0.1507891 0.0365113 0.1413332 0.1413332 0.1618232 0.1618232 0.1722412 0.1618232 0.1507891 0.1424562 0.1520535 0.1520535 0.1520535 0.1520535 0.1051744 0.0983356 0.0439612 0.0587251 0.0539330 0.0488481 0.0300713 0.0000000 0.0306788 0.0351988 1.1033839 1.1688511 
PAJA_B20730.1     0.0068330 0.2393664 0.2935328 0.0852998 0.2678813 0.2678813 0.2561984 0.0184124 0.2408341 0.2408341 0.2746010 0.2746010 0.2886002 0.2746010 0.2561984 0.2251819 0.2393664 0.2393664 0.2393664 0.2393664 0.1622201 0.1525672 0.0786190 0.0985364 0.0923621 0.0852998 0.0597681 0.0306788 0.0000000 0.0033746 0.9058206 0.9487276 
PAJA_B20730.2     0.0104159 0.2544585 0.3110452 0.0926537 0.2889925 0.2889925 0.2759074 0.0225127 0.2609739 0.2609739 0.2935328 0.2935328 0.3062360 0.2935328 0.2759074 0.2403439 0.2544585 0.2544585 0.2544585 0.2544585 0.1734488 0.1633667 0.0855593 0.1066341 0.1001756 0.0926537 0.0655663 0.0351988 0.0033746 0.0000000 0.8915670 0.9318341 
Alca_torda.1      0.9341835 0.9207584 1.0233411 1.1082444 1.0920840 1.0920840 1.0516090 1.2726504 1.0640183 1.0640183 1.0377012 1.0377012 1.0261266 1.0377012 1.0516090 0.9313686 0.9207584 0.9207584 0.9207584 0.9207584 0.8706445 0.8801566 1.1273132 1.0799048 1.0900163 1.1082444 0.9964786 1.1033839 0.9058206 0.8915670 0.0000000 0.0352656 
Alca_torda.2      0.9821862 0.9525952 1.0629070 1.1649956 1.1393655 1.1393655 1.0945462 1.3521838 1.1083767 1.1083767 1.0789776 1.0789776 1.0660837 1.0789776 1.0945462 0.9646427 0.9525952 0.9525952 0.9525952 0.9525952 0.9007829 0.9116612 1.1866740 1.1330386 1.1442834 1.1649956 1.0452945 1.1688511 0.9487276 0.9318341 0.0352656 0.0000000 
