88
PAJA_USNM606730.2 0.0000000 0.2640698 0.2796576 0.1186536 0.2489154 0.2489154 0.2558297 0.0201582 0.2450527 0.2450527 0.2674818 0.2674818 0.2787292 0.2674818 0.2558297 0.2526719 0.2640698 0.2640698 0.2640698 0.2640698 0.2079039 0.1981688 0.1102491 0.1352321 0.1272186 0.1186536 0.0858896 0.0409957 0.0131590 0.0198934 0.9842089 0.7642802 0.6584813 2.8291847 0.8435721 0.9414777 0.1631100 0.1410743 0.0963951 0.2162627 0.1638101 0.1646398 0.1654803 0.1417532 0.1654803 0.2137974 0.1646398 0.1646398 0.7398527 0.0000010 0.0747809 0.0743411 0.0743411 0.0000010 0.0173328 0.0172749 0.0173561 0.0352766 0.0354010 0.0537187 0.0541932 0.0737989 0.0176282 0.0735112 0.0173032 0.0351635 0.0360506 0.0172749 0.0358574 0.2825701 0.2504994 0.2805851 0.2521429 0.2825701 0.2220238 0.2521429 0.2845960 0.2825701 0.3197986 0.3313035 0.2825701 0.2937429 0.2825701 0.3148472 0.3148472 0.2805851 0.8476183 0.3124551 
CISK_3.2          0.2640698 0.0000000 0.0065146 0.2213306 0.0200926 0.0200926 0.0198419 0.3088972 0.0266359 0.0266359 0.0131243 0.0131243 0.0198063 0.0131243 0.0198419 0.0064746 0.0000010 0.0000010 0.0000010 0.0000010 0.0622688 0.0549546 0.2108705 0.2206734 0.2107283 0.2005153 0.2832181 0.2178366 0.2872297 0.2997370 2.9490012 2.9973100 0.0000010 0.0768471 0.0173093 0.0351964 1.3540489 0.4630793 0.3879852 0.5055924 0.4966489 0.5016442 0.5067990 0.4675257 0.5067990 0.4954994 0.5016442 0.5016442 0.0353689 1.5697952 1.6671200 1.6636604 1.6636604 0.6584813 0.7282327 0.7157755 0.7306331 0.7934633 0.8091837 0.7260519 0.5945418 0.6564623 0.8435721 0.6466074 0.7178759 0.7784359 0.9789364 0.7157755 0.9414777 0.4511912 0.4081327 0.4467018 0.3342419 0.4511912 0.3718079 0.4119070 0.4558281 0.3679141 0.4109429 0.5353404 0.4511912 0.4795707 0.3679141 0.3334853 0.4930339 0.4467018 0.0173325 0.4876954 
POJA_4.2          0.2796576 0.0065146 0.0000000 0.2084098 0.0271878 0.0271878 0.0268434 0.3277052 0.0337896 0.0337896 0.0199701 0.0199701 0.0267941 0.0199701 0.0268434 0.0131309 0.0065146 0.0065146 0.0065146 0.0065146 0.0703031 0.0628055 0.1983692 0.2078159 0.1982394 0.1884226 0.2995095 0.2310376 0.3040289 0.3172625 3.3338968 3.4022816 0.0173325 0.1982633 0.0360041 0.0549905 3.0031889 0.5419495 0.4500595 0.5963056 0.5822662 0.5899434 0.5979707 0.5486885 0.5979707 0.5807096 0.5899434 0.5899434 0.0552793 2.8265636 2.7711835 2.7731462 2.7731462 0.8476183 0.9805258 0.9463856 0.9860690 1.1040445 1.1539290 0.9760519 0.7398527 0.8435721 2.3481972 0.8209978 0.9504860 1.0591983 2.3580469 0.9463856 2.3299199 0.3884674 0.3525919 0.3853244 0.2891063 0.3884674 0.3213665 0.3552821 0.3916884 0.3184978 0.3545546 0.4500467 0.3884674 0.4071458 0.3184978 0.2885077 0.4232981 0.3853244 0.0000010 0.4196371 
POJA_4.1          0.1186536 0.2213306 0.2084098 0.0000000 0.2166393 0.2166393 0.2132213 0.1475767 0.2235487 0.2235487 0.2238747 0.2238747 0.2342510 0.2238747 0.2132213 0.2108705 0.2213306 0.2213306 0.2213306 0.2213306 0.1699531 0.1608744 0.0065154 0.0265345 0.0198318 0.0131251 0.1177684 0.0853354 0.1357927 0.1447725 3.2310029 3.3114895 0.4081327 6.0824728 0.4795850 0.5281940 4.1407938 0.1624500 0.1165700 0.1394371 0.1856057 0.1865816 0.1875708 0.1632623 0.1875708 0.2367104 0.1865816 0.1865816 0.4304381 3.5267510 3.2903891 3.2985799 3.2985799 0.2504994 0.2825701 0.2805851 0.2831533 0.3155262 0.3179872 0.2224236 0.2825701 0.3172942 0.2936771 0.3148472 0.2812185 0.3131817 0.3321463 0.2805851 0.3285060 0.0172836 0.0000010 0.0172260 0.0351865 0.0172836 0.0172542 0.0351865 0.0538537 0.0172836 0.0733202 0.0358815 0.0172836 0.0175842 0.0172836 0.0351280 0.0351280 0.0172260 0.3525919 0.0350055 
ANSK01.1          0.2489154 0.0200926 0.0271878 0.2166393 0.0000000 0.0000010 0.0000010 0.2930357 0.0065529 0.0065529 0.0065570 0.0065570 0.0131926 0.0065570 0.0000010 0.0132956 0.0200926 0.0200926 0.0200926 0.0200926 0.0560352 0.0486734 0.2060292 0.2159865 0.2058877 0.1955364 0.2682564 0.2031252 0.2720107 0.2844695 3.4354261 3.5117136 0.0365911 0.0000010 0.0176066 0.0357933 3.3736279 0.4727307 0.3884867 0.5719306 0.5111115 0.5171232 0.5233733 0.4779506 0.5233733 0.5097615 0.5171232 0.5171232 0.0000010 3.0894426 2.9895997 2.9931237 2.9931237 0.7230807 0.8302760 0.8071804 0.8344801 0.9396341 0.9763730 0.9343735 0.8302760 0.9704170 2.4994346 0.9343735 0.8105424 0.9071447 2.4886250 0.8071804 2.4658563 0.5104729 0.4560721 0.5038671 0.3672825 0.5104729 0.4121532 0.4613945 0.5173912 0.4069419 0.4600960 0.6410515 0.5104729 0.5565422 0.4069419 0.3663411 0.5644337 0.5038671 0.0572787 0.5561734 
ANSK01.2          0.2489154 0.0200926 0.0271878 0.2166393 0.0000010 0.0000000 0.0000010 0.2930357 0.0065529 0.0065529 0.0065570 0.0065570 0.0131926 0.0065570 0.0000010 0.0132956 0.0200926 0.0200926 0.0200926 0.0200926 0.0560352 0.0486734 0.2060292 0.2159865 0.2058877 0.1955364 0.2682564 0.2031252 0.2720107 0.2844695 3.4354261 3.5117136 0.0365911 0.0000010 0.0176066 0.0357933 3.3736279 0.4727307 0.3884867 0.5719306 0.5111115 0.5171232 0.5233733 0.4779506 0.5233733 0.5097615 0.5171232 0.5171232 0.0000010 3.0894426 2.9895997 2.9931237 2.9931237 0.7230807 0.8302760 0.8071804 0.8344801 0.9396341 0.9763730 0.9343735 0.8302760 0.9704170 2.4994346 0.9343735 0.8105424 0.9071447 2.4886250 0.8071804 2.4658563 0.5104729 0.4560721 0.5038671 0.3672825 0.5104729 0.4121532 0.4613945 0.5173912 0.4069419 0.4600960 0.6410515 0.5104729 0.5565422 0.4069419 0.3663411 0.5644337 0.5038671 0.0572787 0.5561734 
ANSK7.1           0.2558297 0.0198419 0.0268434 0.2132213 0.0000010 0.0000010 0.0000000 0.3002478 0.0064729 0.0064729 0.0064769 0.0064769 0.0130305 0.0064769 0.0000010 0.0131309 0.0198419 0.0198419 0.0198419 0.0198419 0.0553035 0.0480425 0.2028198 0.2125915 0.2026830 0.1925302 0.2750692 0.2098981 0.2789379 0.2914143 3.3812896 3.4541988 0.0353689 0.0000010 0.0170406 0.0346244 3.0078700 0.4902117 0.4064546 0.5390512 0.5278863 0.5340660 0.5404903 0.4956185 0.5404903 0.5265308 0.5340660 0.5340660 0.0000010 2.8291847 2.7731462 2.7751310 2.7751310 0.7398527 0.8435721 0.8209978 0.8476183 0.9463856 0.9805258 0.8400960 0.8435721 0.9750529 2.3292413 0.9414777 0.8242344 0.9157119 2.3440978 0.8209978 2.3092725 0.4795850 0.4304381 0.4740437 0.3487799 0.4795850 0.3900743 0.4349639 0.4853532 0.3855519 0.4338320 0.5868018 0.4795850 0.5164064 0.3855519 0.3479345 0.5281940 0.4740437 0.0552793 0.5213716 
PAJA_USNM606730.1 0.0201582 0.3088972 0.3277052 0.1475767 0.2930357 0.2930357 0.3002478 0.0000000 0.2880738 0.2880738 0.3136190 0.3136190 0.3264410 0.3136190 0.3002478 0.2959014 0.3088972 0.3088972 0.3088972 0.3088972 0.2450294 0.2342681 0.1384379 0.1654799 0.1569125 0.1475767 0.1120481 0.0639098 0.0340914 0.0412545 3.4596432 3.5609664 0.8435721 2.8291847 2.3475561 2.3292131 0.1631100 0.1699186 0.1212585 0.2533117 0.1946539 0.1957601 0.1968829 0.1708300 0.1968829 0.2500106 0.1957601 0.1957601 2.3292413 0.0000010 0.0747809 0.0743411 0.0743411 0.0176282 0.0359862 0.0358574 0.0360367 0.0550112 0.0552199 0.0745694 0.0752780 0.0962984 0.0000010 0.0958909 0.0359184 0.0548206 0.0563119 0.0358574 0.0172683 0.3313035 0.2936771 0.3285060 0.2959540 0.3313035 0.2611827 0.2959540 0.3341756 0.3313035 0.3767096 0.3945351 0.3313035 0.3476626 0.3313035 0.3694866 0.3694866 0.3285060 2.3481972 0.3660376 
ANSK8.1           0.2450527 0.0266359 0.0337896 0.2235487 0.0065529 0.0065529 0.0064729 0.2880738 0.0000000 0.0000010 0.0130385 0.0130385 0.0196746 0.0130385 0.0064729 0.0198288 0.0266359 0.0266359 0.0266359 0.0266359 0.0626715 0.0553035 0.2129223 0.2228742 0.2127767 0.2024092 0.2640698 0.2001749 0.2676793 0.2798680 3.4033175 3.4779000 0.0540634 0.0703220 0.0346812 0.0528701 3.1370410 0.4489689 0.3704992 0.4943307 0.4849914 0.4902117 0.4956185 0.4535147 0.4956185 0.4837725 0.4902117 0.4902117 0.0170120 2.9126063 2.8397053 2.8422698 2.8422698 0.6678373 0.7570277 0.7398527 0.7603150 0.8476183 0.8733372 0.7540909 0.7570277 0.8688700 1.0270911 0.8435721 0.7426168 0.8242344 2.3656853 0.7398527 2.3292413 0.5297619 0.4753614 0.5228843 0.3865244 0.5297619 0.4315868 0.4809450 0.5369683 0.4261068 0.4796088 0.6635647 0.5297619 0.5784720 0.4261068 0.3855519 0.5832493 0.5228843 0.0752401 0.5747227 
ANSK8.2           0.2450527 0.0266359 0.0337896 0.2235487 0.0065529 0.0065529 0.0064729 0.2880738 0.0000010 0.0000000 0.0130385 0.0130385 0.0196746 0.0130385 0.0064729 0.0198288 0.0266359 0.0266359 0.0266359 0.0266359 0.0626715 0.0553035 0.2129223 0.2228742 0.2127767 0.2024092 0.2640698 0.2001749 0.2676793 0.2798680 3.4033175 3.4779000 0.0540634 0.0703220 0.0346812 0.0528701 3.1370410 0.4489689 0.3704992 0.4943307 0.4849914 0.4902117 0.4956185 0.4535147 0.4956185 0.4837725 0.4902117 0.4902117 0.0170120 2.9126063 2.8397053 2.8422698 2.8422698 0.6678373 0.7570277 0.7398527 0.7603150 0.8476183 0.8733372 0.7540909 0.7570277 0.8688700 1.0270911 0.8435721 0.7426168 0.8242344 2.3656853 0.7398527 2.3292413 0.5297619 0.4753614 0.5228843 0.3865244 0.5297619 0.4315868 0.4809450 0.5369683 0.4261068 0.4796088 0.6635647 0.5297619 0.5784720 0.4261068 0.3855519 0.5832493 0.5228843 0.0752401 0.5747227 
GRSK_MKP1592.1    0.2674818 0.0131243 0.0199701 0.2238747 0.0065570 0.0065570 0.0064769 0.3136190 0.0130385 0.0130385 0.0000000 0.0000010 0.0064657 0.0000010 0.0064769 0.0198419 0.0131243 0.0131243 0.0131243 0.0131243 0.0627212 0.0553461 0.2132213 0.2231974 0.2130752 0.2026830 0.2870156 0.2202671 0.2911921 0.3040289 3.3576756 3.4283419 0.0173093 0.0000010 0.0000010 0.0169624 3.0078700 0.5404903 0.4489689 0.5945951 0.5806691 0.5882872 0.5962507 0.5471781 0.5962507 0.5791209 0.5882872 0.5882872 0.0170406 2.8291847 2.7731462 2.7751310 2.7751310 0.8435721 0.9750529 0.9414777 0.9805258 1.0977124 1.1469552 0.9706247 0.7368389 0.8395754 2.3475561 0.8173395 0.9455380 1.0534880 2.3575579 0.9414777 2.3292131 0.5353404 0.4795850 0.5281940 0.3891321 0.5353404 0.4349639 0.4853532 0.5428426 0.4293391 0.4839781 0.6765290 0.5353404 0.5866385 0.4293391 0.3881412 0.5903619 0.5281940 0.0360041 0.5814387 
GRSK_MKP1592.2    0.2674818 0.0131243 0.0199701 0.2238747 0.0065570 0.0065570 0.0064769 0.3136190 0.0130385 0.0130385 0.0000010 0.0000000 0.0064657 0.0000010 0.0064769 0.0198419 0.0131243 0.0131243 0.0131243 0.0131243 0.0627212 0.0553461 0.2132213 0.2231974 0.2130752 0.2026830 0.2870156 0.2202671 0.2911921 0.3040289 3.3576756 3.4283419 0.0173093 0.0000010 0.0000010 0.0169624 3.0078700 0.5404903 0.4489689 0.5945951 0.5806691 0.5882872 0.5962507 0.5471781 0.5962507 0.5791209 0.5882872 0.5882872 0.0170406 2.8291847 2.7731462 2.7751310 2.7751310 0.8435721 0.9750529 0.9414777 0.9805258 1.0977124 1.1469552 0.9706247 0.7368389 0.8395754 2.3475561 0.8173395 0.9455380 1.0534880 2.3575579 0.9414777 2.3292131 0.5353404 0.4795850 0.5281940 0.3891321 0.5353404 0.4349639 0.4853532 0.5428426 0.4293391 0.4839781 0.6765290 0.5353404 0.5866385 0.4293391 0.3881412 0.5903619 0.5281940 0.0360041 0.5814387 
GRSK_MKP1593.1    0.2787292 0.0198063 0.0267941 0.2342510 0.0131926 0.0131926 0.0130305 0.3264410 0.0196746 0.0196746 0.0064657 0.0064657 0.0000000 0.0064657 0.0130305 0.0266191 0.0198063 0.0198063 0.0198063 0.0198063 0.0701601 0.0626799 0.2233729 0.2335275 0.2232179 0.2126114 0.2984884 0.2303616 0.3029632 0.3161150 3.3366647 3.4057065 0.0351964 0.0698568 0.0169624 0.0000010 2.9017068 0.5882872 0.4902117 0.6467097 0.6300934 0.6390942 0.6485425 0.5962507 0.6485425 0.6283877 0.6390942 0.6390942 0.0346244 2.7598542 2.7169818 2.7185117 2.7185117 0.9414777 1.0914352 1.0490214 1.0977124 1.2147564 1.2685448 1.0866105 0.8173395 0.9366287 2.3292131 0.9075892 1.0534880 1.1642800 2.3409601 1.0490214 2.3138378 0.5903619 0.5281940 0.5814387 0.4293391 0.5903619 0.4795850 0.5353404 0.5998086 0.4727599 0.5337137 0.7769026 0.5903619 0.6604187 0.4727599 0.4282030 0.6513122 0.5814387 0.0549905 0.6400747 
GRSK_MKP1593.2    0.2674818 0.0131243 0.0199701 0.2238747 0.0065570 0.0065570 0.0064769 0.3136190 0.0130385 0.0130385 0.0000010 0.0000010 0.0064657 0.0000000 0.0064769 0.0198419 0.0131243 0.0131243 0.0131243 0.0131243 0.0627212 0.0553461 0.2132213 0.2231974 0.2130752 0.2026830 0.2870156 0.2202671 0.2911921 0.3040289 3.3576756 3.4283419 0.0173093 0.0000010 0.0000010 0.0169624 3.0078700 0.5404903 0.4489689 0.5945951 0.5806691 0.5882872 0.5962507 0.5471781 0.5962507 0.5791209 0.5882872 0.5882872 0.0170406 2.8291847 2.7731462 2.7751310 2.7751310 0.8435721 0.9750529 0.9414777 0.9805258 1.0977124 1.1469552 0.9706247 0.7368389 0.8395754 2.3475561 0.8173395 0.9455380 1.0534880 2.3575579 0.9414777 2.3292131 0.5353404 0.4795850 0.5281940 0.3891321 0.5353404 0.4349639 0.4853532 0.5428426 0.4293391 0.4839781 0.6765290 0.5353404 0.5866385 0.4293391 0.3881412 0.5903619 0.5281940 0.0360041 0.5814387 
CISK2.2           0.2558297 0.0198419 0.0268434 0.2132213 0.0000010 0.0000010 0.0000010 0.3002478 0.0064729 0.0064729 0.0064769 0.0064769 0.0130305 0.0064769 0.0000000 0.0131309 0.0198419 0.0198419 0.0198419 0.0198419 0.0553035 0.0480425 0.2028198 0.2125915 0.2026830 0.1925302 0.2750692 0.2098981 0.2789379 0.2914143 3.3812896 3.4541988 0.0353689 0.0000010 0.0170406 0.0346244 3.0078700 0.4902117 0.4064546 0.5390512 0.5278863 0.5340660 0.5404903 0.4956185 0.5404903 0.5265308 0.5340660 0.5340660 0.0000010 2.8291847 2.7731462 2.7751310 2.7751310 0.7398527 0.8435721 0.8209978 0.8476183 0.9463856 0.9805258 0.8400960 0.8435721 0.9750529 2.3292413 0.9414777 0.8242344 0.9157119 2.3440978 0.8209978 2.3092725 0.4795850 0.4304381 0.4740437 0.3487799 0.4795850 0.3900743 0.4349639 0.4853532 0.3855519 0.4338320 0.5868018 0.4795850 0.5164064 0.3855519 0.3479345 0.5281940 0.4740437 0.0552793 0.5213716 
ANSK7.2           0.2526719 0.0064746 0.0131309 0.2108705 0.0132956 0.0132956 0.0131309 0.2959014 0.0198288 0.0198288 0.0198419 0.0198419 0.0266191 0.0198419 0.0131309 0.0000000 0.0064746 0.0064746 0.0064746 0.0064746 0.0549127 0.0477095 0.2006486 0.2102586 0.2005153 0.1905294 0.2715480 0.2076474 0.2752709 0.2874441 2.9640497 3.0144445 0.0170471 0.0768471 0.0353689 0.0539713 1.3540489 0.4225500 0.3523360 0.4620051 0.4545621 0.4587605 0.4630793 0.4262697 0.4630793 0.4535348 0.4587605 0.4587605 0.0173325 1.5697952 1.6671200 1.6636604 1.6636604 0.5962507 0.6584813 0.6485425 0.6605140 0.7180646 0.7306331 0.6565772 0.6584813 0.7282327 0.7398527 0.7157755 0.6503837 0.7060280 0.8467386 0.6485425 0.8209978 0.4081327 0.3687182 0.4044651 0.3002454 0.4081327 0.3349444 0.3718079 0.4119070 0.3317141 0.3709858 0.4795850 0.4081327 0.4304582 0.3317141 0.2995891 0.4467018 0.4044651 0.0354177 0.4423514 
CISK55.1          0.2640698 0.0000010 0.0065146 0.2213306 0.0200926 0.0200926 0.0198419 0.3088972 0.0266359 0.0266359 0.0131243 0.0131243 0.0198063 0.0131243 0.0198419 0.0064746 0.0000000 0.0000010 0.0000010 0.0000010 0.0622688 0.0549546 0.2108705 0.2206734 0.2107283 0.2005153 0.2832181 0.2178366 0.2872297 0.2997370 2.9490012 2.9973100 0.0000010 0.0768471 0.0173093 0.0351964 1.3540489 0.4630793 0.3879852 0.5055924 0.4966489 0.5016442 0.5067990 0.4675257 0.5067990 0.4954994 0.5016442 0.5016442 0.0353689 1.5697952 1.6671200 1.6636604 1.6636604 0.6584813 0.7282327 0.7157755 0.7306331 0.7934633 0.8091837 0.7260519 0.5945418 0.6564623 0.8435721 0.6466074 0.7178759 0.7784359 0.9789364 0.7157755 0.9414777 0.4511912 0.4081327 0.4467018 0.3342419 0.4511912 0.3718079 0.4119070 0.4558281 0.3679141 0.4109429 0.5353404 0.4511912 0.4795707 0.3679141 0.3334853 0.4930339 0.4467018 0.0173325 0.4876954 
CISK2.1           0.2640698 0.0000010 0.0065146 0.2213306 0.0200926 0.0200926 0.0198419 0.3088972 0.0266359 0.0266359 0.0131243 0.0131243 0.0198063 0.0131243 0.0198419 0.0064746 0.0000010 0.0000000 0.0000010 0.0000010 0.0622688 0.0549546 0.2108705 0.2206734 0.2107283 0.2005153 0.2832181 0.2178366 0.2872297 0.2997370 2.9490012 2.9973100 0.0000010 0.0768471 0.0173093 0.0351964 1.3540489 0.4630793 0.3879852 0.5055924 0.4966489 0.5016442 0.5067990 0.4675257 0.5067990 0.4954994 0.5016442 0.5016442 0.0353689 1.5697952 1.6671200 1.6636604 1.6636604 0.6584813 0.7282327 0.7157755 0.7306331 0.7934633 0.8091837 0.7260519 0.5945418 0.6564623 0.8435721 0.6466074 0.7178759 0.7784359 0.9789364 0.7157755 0.9414777 0.4511912 0.4081327 0.4467018 0.3342419 0.4511912 0.3718079 0.4119070 0.4558281 0.3679141 0.4109429 0.5353404 0.4511912 0.4795707 0.3679141 0.3334853 0.4930339 0.4467018 0.0173325 0.4876954 
CISK55.2          0.2640698 0.0000010 0.0065146 0.2213306 0.0200926 0.0200926 0.0198419 0.3088972 0.0266359 0.0266359 0.0131243 0.0131243 0.0198063 0.0131243 0.0198419 0.0064746 0.0000010 0.0000010 0.0000000 0.0000010 0.0622688 0.0549546 0.2108705 0.2206734 0.2107283 0.2005153 0.2832181 0.2178366 0.2872297 0.2997370 2.9490012 2.9973100 0.0000010 0.0768471 0.0173093 0.0351964 1.3540489 0.4630793 0.3879852 0.5055924 0.4966489 0.5016442 0.5067990 0.4675257 0.5067990 0.4954994 0.5016442 0.5016442 0.0353689 1.5697952 1.6671200 1.6636604 1.6636604 0.6584813 0.7282327 0.7157755 0.7306331 0.7934633 0.8091837 0.7260519 0.5945418 0.6564623 0.8435721 0.6466074 0.7178759 0.7784359 0.9789364 0.7157755 0.9414777 0.4511912 0.4081327 0.4467018 0.3342419 0.4511912 0.3718079 0.4119070 0.4558281 0.3679141 0.4109429 0.5353404 0.4511912 0.4795707 0.3679141 0.3334853 0.4930339 0.4467018 0.0173325 0.4876954 
CISK_3.1          0.2640698 0.0000010 0.0065146 0.2213306 0.0200926 0.0200926 0.0198419 0.3088972 0.0266359 0.0266359 0.0131243 0.0131243 0.0198063 0.0131243 0.0198419 0.0064746 0.0000010 0.0000010 0.0000010 0.0000000 0.0622688 0.0549546 0.2108705 0.2206734 0.2107283 0.2005153 0.2832181 0.2178366 0.2872297 0.2997370 2.9490012 2.9973100 0.0000010 0.0768471 0.0173093 0.0351964 1.3540489 0.4630793 0.3879852 0.5055924 0.4966489 0.5016442 0.5067990 0.4675257 0.5067990 0.4954994 0.5016442 0.5016442 0.0353689 1.5697952 1.6671200 1.6636604 1.6636604 0.6584813 0.7282327 0.7157755 0.7306331 0.7934633 0.8091837 0.7260519 0.5945418 0.6564623 0.8435721 0.6466074 0.7178759 0.7784359 0.9789364 0.7157755 0.9414777 0.4511912 0.4081327 0.4467018 0.3342419 0.4511912 0.3718079 0.4119070 0.4558281 0.3679141 0.4109429 0.5353404 0.4511912 0.4795707 0.3679141 0.3334853 0.4930339 0.4467018 0.0173325 0.4876954 
CHSK_MKP2451.1    0.2079039 0.0622688 0.0703031 0.1699531 0.0560352 0.0560352 0.0553035 0.2450294 0.0626715 0.0626715 0.0627212 0.0627212 0.0701601 0.0627212 0.0553035 0.0549127 0.0622688 0.0622688 0.0622688 0.0622688 0.0000000 0.0064801 0.1606906 0.1695062 0.1605907 0.1515195 0.2255201 0.1676863 0.2282122 0.2390334 2.6034124 2.6304384 0.0724466 0.1743001 0.0944343 0.1155022 1.1579456 0.3190261 0.2599948 0.3515742 0.3471616 0.3497210 0.3523360 0.3212649 0.3523360 0.3464262 0.3497210 0.3497210 0.0738674 1.4495951 1.5741377 1.5697952 1.5697952 0.4489689 0.4956185 0.4902117 0.4968992 0.5419495 0.5486885 0.4943307 0.4956185 0.5471781 0.5313323 0.5404903 0.4914699 0.5354686 0.5959172 0.4902117 0.5850202 0.3008462 0.2691346 0.2987497 0.2708975 0.3008462 0.2409531 0.2708975 0.3029854 0.2390629 0.2703757 0.3495700 0.3008462 0.3127066 0.2390629 0.2120802 0.3324029 0.2987497 0.0945765 0.3299172 
CHSK_MKP2451.2    0.1981688 0.0549546 0.0628055 0.1608744 0.0486734 0.0486734 0.0480425 0.2342681 0.0553035 0.0553035 0.0553461 0.0553461 0.0626799 0.0553461 0.0480425 0.0477095 0.0549546 0.0549546 0.0549546 0.0549546 0.0064801 0.0000000 0.1517803 0.1604589 0.1516870 0.1427778 0.2155878 0.1587858 0.2180970 0.2286956 2.6164554 2.6454245 0.0724466 0.1743001 0.0944343 0.1155022 1.1579456 0.3190261 0.2599948 0.3515742 0.3471616 0.3497210 0.3523360 0.3212649 0.3523360 0.3464262 0.3497210 0.3497210 0.0738674 1.4495951 1.5741377 1.5697952 1.5697952 0.4489689 0.4956185 0.4902117 0.4968992 0.5419495 0.5486885 0.4943307 0.4956185 0.5471781 0.5313323 0.5404903 0.4914699 0.5354686 0.5959172 0.4902117 0.5850202 0.3008462 0.2691346 0.2987497 0.2708975 0.3008462 0.2409531 0.2708975 0.3029854 0.2390629 0.2703757 0.3495700 0.3008462 0.3127066 0.2390629 0.2120802 0.3324029 0.2987497 0.0945765 0.3299172 
POJA_IB2659.1     0.1102491 0.2108705 0.1983692 0.0065154 0.2060292 0.2060292 0.2028198 0.1384379 0.2129223 0.2129223 0.2132213 0.2132213 0.2233729 0.2132213 0.2028198 0.2006486 0.2108705 0.2108705 0.2108705 0.2108705 0.1606906 0.1517803 0.0000000 0.0197557 0.0131251 0.0065154 0.1094447 0.0775832 0.1270751 0.1358755 3.2574574 3.3409768 0.4081327 6.0824728 0.4795850 0.5281940 4.1407938 0.1624500 0.1165700 0.1394371 0.1856057 0.1865816 0.1875708 0.1632623 0.1875708 0.2367104 0.1865816 0.1865816 0.4304381 3.5267510 3.2903891 3.2985799 3.2985799 0.2504994 0.2825701 0.2805851 0.2831533 0.3155262 0.3179872 0.2224236 0.2825701 0.3172942 0.2936771 0.3148472 0.2812185 0.3131817 0.3321463 0.2805851 0.3285060 0.0172836 0.0000010 0.0172260 0.0351865 0.0172836 0.0172542 0.0351865 0.0538537 0.0172836 0.0733202 0.0358815 0.0172836 0.0175842 0.0172836 0.0351280 0.0351280 0.0172260 0.3525919 0.0350055 
POJA_IB2659.2     0.1352321 0.2206734 0.2078159 0.0265345 0.2159865 0.2159865 0.2125915 0.1654799 0.2228742 0.2228742 0.2231974 0.2231974 0.2335275 0.2231974 0.2125915 0.2102586 0.2206734 0.2206734 0.2206734 0.2206734 0.1695062 0.1604589 0.0197557 0.0000000 0.0334151 0.0265345 0.1341835 0.1007628 0.1529029 0.1621892 3.1837308 3.2607168 0.4071458 6.0963439 0.4782328 0.5266354 3.5601110 0.2117764 0.1616477 0.1868340 0.2367104 0.2381140 0.2395403 0.2129687 0.2395403 0.2925984 0.2381140 0.2381140 0.4292956 3.1353082 2.9918522 2.9967360 2.9967360 0.3124551 0.3491896 0.3463095 0.3499785 0.3867638 0.3903571 0.2812901 0.3491896 0.3894180 0.3660376 0.3858482 0.3471401 0.3833252 0.4121480 0.3463095 0.4067346 0.0535654 0.0350055 0.0533699 0.0727554 0.0535654 0.0534598 0.0727554 0.0928975 0.0535654 0.1139645 0.0743508 0.0535654 0.0545870 0.0535654 0.0350697 0.0726306 0.0533699 0.3518256 0.0349477 
POJA_MKP1559.1    0.1272186 0.2107283 0.1982394 0.0198318 0.2058877 0.2058877 0.2026830 0.1569125 0.2127767 0.2127767 0.2130752 0.2130752 0.2232179 0.2130752 0.2026830 0.2005153 0.2107283 0.2107283 0.2107283 0.2107283 0.1605907 0.1516870 0.0131251 0.0334151 0.0000000 0.0198318 0.1093810 0.0932217 0.1446832 0.1538497 3.2056137 3.2831294 0.4511912 5.6863127 0.5353404 0.5903619 3.7780971 0.1384352 0.1393072 0.1164753 0.2117764 0.1613823 0.1621815 0.1885735 0.2141789 0.2656805 0.2129687 0.2129687 0.4795850 3.2985799 3.1249925 3.1309767 3.1309767 0.2825701 0.3172942 0.3148472 0.3179872 0.3529508 0.3560017 0.2526898 0.3172942 0.3551759 0.3313035 0.3521438 0.3155877 0.3500377 0.3740443 0.3148472 0.3694866 0.0352513 0.0172836 0.0351280 0.0538537 0.0352513 0.0351865 0.0538537 0.0733202 0.0352513 0.0537782 0.0549786 0.0352513 0.0358953 0.0352513 0.0537624 0.0537624 0.0351280 0.3884674 0.0535654 
POJA_MKP1559.2    0.1186536 0.2005153 0.1884226 0.0131251 0.1955364 0.1955364 0.1925302 0.1475767 0.2024092 0.2024092 0.2026830 0.2026830 0.2126114 0.2026830 0.1925302 0.1905294 0.2005153 0.2005153 0.2005153 0.2005153 0.1515195 0.1427778 0.0065154 0.0265345 0.0198318 0.0000000 0.1177684 0.0853354 0.1357927 0.1447725 3.2310029 3.3114895 0.3679141 6.0824728 0.4293391 0.4727599 4.1407938 0.1875708 0.1393072 0.1634494 0.2117764 0.2129687 0.2141789 0.1885735 0.2141789 0.2656805 0.2129687 0.2129687 0.3855519 3.5267510 3.2903891 3.2985799 3.2985799 0.2825701 0.3172942 0.3148472 0.3179872 0.3529508 0.3560017 0.2526898 0.3172942 0.3551759 0.3313035 0.3521438 0.3155877 0.3500377 0.3740443 0.3148472 0.3694866 0.0352513 0.0172836 0.0351280 0.0538537 0.0352513 0.0351865 0.0538537 0.0733202 0.0352513 0.0936589 0.0549786 0.0352513 0.0358953 0.0000010 0.0172031 0.0537624 0.0351280 0.3184978 0.0535654 
LTJA_MKP990.1     0.0858896 0.2832181 0.2995095 0.1177684 0.2682564 0.2682564 0.2750692 0.1120481 0.2640698 0.2640698 0.2870156 0.2870156 0.2984884 0.2870156 0.2750692 0.2715480 0.2832181 0.2832181 0.2832181 0.2832181 0.2255201 0.2155878 0.1094447 0.1341835 0.1093810 0.1177684 0.0000000 0.0550572 0.1018308 0.1101267 2.7650550 2.8185692 0.4630793 2.8291847 0.5404903 0.5882872 0.1631100 0.0352732 0.0354464 0.0930938 0.0932313 0.0537825 0.0539812 0.0738801 0.0939980 0.1352738 0.0936129 0.0936129 0.4902117 0.4077360 0.6118284 0.6047558 0.6047558 0.1410743 0.1654803 0.1646398 0.1657616 0.1906211 0.1916666 0.2162627 0.1654803 0.1913283 0.1699186 0.1902871 0.1649620 0.1896388 0.1973053 0.1646398 0.1957601 0.1397007 0.1168720 0.1390454 0.1632623 0.1397007 0.0955552 0.1173932 0.1403646 0.1397007 0.1172091 0.1680866 0.1397007 0.1431785 0.1397007 0.1629475 0.1629475 0.1390454 0.5419495 0.1621387 
LTJA_MKP990.2     0.0409957 0.2178366 0.2310376 0.0853354 0.2031252 0.2031252 0.2098981 0.0639098 0.2001749 0.2001749 0.2202671 0.2202671 0.2303616 0.2202671 0.2098981 0.2076474 0.2178366 0.2178366 0.2178366 0.2178366 0.1676863 0.1587858 0.0775832 0.1007628 0.0932217 0.0853354 0.0550572 0.0000000 0.0554801 0.0629526 2.8778324 0.8655372 0.3879852 3.0078700 0.4489689 0.4902117 0.0000010 0.0354464 0.0000010 0.0936129 0.0538580 0.0540572 0.0542580 0.0355720 0.0542580 0.0928533 0.0540572 0.0540572 0.4064546 0.1631100 0.2767418 0.2745607 0.2745607 0.0963951 0.1184862 0.1179535 0.1186747 0.1413054 0.1419869 0.1646398 0.1184862 0.1417532 0.1212585 0.1410743 0.1181737 0.1406707 0.1456069 0.1179535 0.1445883 0.1393072 0.1165700 0.1386566 0.1170879 0.1393072 0.0953269 0.1170879 0.1399662 0.1393072 0.1640848 0.1675456 0.1393072 0.1427590 0.1393072 0.1624500 0.1624500 0.1386566 0.4500595 0.1616477 
PAJA_B20730.1     0.0131590 0.2872297 0.3040289 0.1357927 0.2720107 0.2720107 0.2789379 0.0340914 0.2676793 0.2676793 0.2911921 0.2911921 0.3029632 0.2911921 0.2789379 0.2752709 0.2872297 0.2872297 0.2872297 0.2872297 0.2282122 0.2180970 0.1270751 0.1529029 0.1446832 0.1357927 0.1018308 0.0554801 0.0000000 0.0065396 1.9080891 0.8890942 0.7306331 2.7731462 0.9805258 1.0977124 0.2767418 0.1657616 0.1186747 0.2454858 0.1895901 0.1906211 0.1916666 0.1666162 0.1916666 0.2424635 0.1906211 0.1906211 0.8476183 0.0747809 0.0000010 0.1651535 0.1651535 0.0173561 0.0354010 0.0352766 0.0000010 0.0172980 0.0173561 0.0732261 0.0739063 0.0944346 0.0360367 0.0940451 0.0353356 0.0538854 0.0176592 0.0352766 0.0550112 0.3179872 0.2831533 0.3155262 0.2851899 0.3179872 0.2526419 0.2851899 0.3205061 0.3179872 0.3591354 0.3739944 0.3179872 0.3321463 0.3179872 0.3529508 0.3529508 0.3155262 0.9860690 0.3499785 
PAJA_B20730.2     0.0198934 0.2997370 0.3172625 0.1447725 0.2844695 0.2844695 0.2914143 0.0412545 0.2798680 0.2798680 0.3040289 0.3040289 0.3161150 0.3040289 0.2914143 0.2874441 0.2997370 0.2997370 0.2997370 0.2997370 0.2390334 0.2286956 0.1358755 0.1621892 0.1538497 0.1447725 0.1101267 0.0629526 0.0065396 0.0000000 2.0186495 0.9931380 0.7306331 2.7731462 0.9805258 1.0977124 0.2767418 0.1657616 0.1186747 0.2454858 0.1895901 0.1906211 0.1916666 0.1666162 0.1916666 0.2424635 0.1906211 0.1906211 0.8476183 0.0747809 0.0000010 0.1651535 0.1651535 0.0173561 0.0354010 0.0352766 0.0000010 0.0172980 0.0173561 0.0732261 0.0739063 0.0944346 0.0360367 0.0940451 0.0353356 0.0538854 0.0176592 0.0352766 0.0550112 0.3179872 0.2831533 0.3155262 0.2851899 0.3179872 0.2526419 0.2851899 0.3205061 0.3179872 0.3591354 0.3739944 0.3179872 0.3321463 0.3179872 0.3529508 0.3529508 0.3155262 0.9860690 0.3499785 
Alca_torda.1      0.9842089 2.9490012 3.3338968 3.2310029 3.4354261 3.4354261 3.3812896 3.4596432 3.4033175 3.4033175 3.3576756 3.3576756 3.3366647 3.3576756 3.3812896 2.9640497 2.9490012 2.9490012 2.9490012 2.9490012 2.6034124 2.6164554 3.2574574 3.1837308 3.2056137 3.2310029 2.7650550 2.8778324 1.9080891 2.0186495 0.0000000 0.0249489 4.7963451 4.4319832 5.6355157 5.5553930 3.9278750 6.0623263 6.3281414 5.7185881 6.0922367 6.0623263 6.0623263 6.1766049 6.3004897 5.9855721 6.0922367 6.0922367 5.7402166 3.6958241 3.5877294 3.5917955 3.5917955 4.9890908 4.8794537 4.9008624 4.8750862 4.7912850 4.9890908 4.7146112 4.7753415 4.6764409 6.0650002 4.6953912 4.8972433 4.8124318 4.8750862 5.0846920 6.1841666 6.7784915 6.9354803 6.8112908 6.9013099 6.7784915 7.0645464 7.2433594 7.0711157 6.7784915 6.5982402 7.8446805 6.7784915 8.0279266 6.7784915 6.6601869 6.6601869 6.8112908 5.6313829 6.6916962 
Alca_torda.2      0.7642802 2.9973100 3.4022816 3.3114895 3.5117136 3.5117136 3.4541988 3.5609664 3.4779000 3.4779000 3.4283419 3.4283419 3.4057065 3.4283419 3.4541988 3.0144445 2.9973100 2.9973100 2.9973100 2.9973100 2.6304384 2.6454245 3.3409768 3.2607168 3.2831294 3.3114895 2.8185692 0.8655372 0.8890942 0.9931380 0.0249489 0.0000000 4.9716350 4.7200535 5.8492974 5.7625309 4.2516601 6.3611826 6.6570529 5.9810848 6.3946517 6.3611826 6.3611826 6.4880433 6.6258828 6.2764084 6.3946517 6.3946517 5.9630248 3.9515281 3.8096965 3.8150105 3.8150105 5.2263977 5.1046057 5.1287490 5.0997791 5.0071839 4.9845006 4.9225671 4.9890908 4.8794537 6.3641307 4.9008624 5.1247613 5.0310358 5.0997791 5.3323660 6.4964051 7.1006209 7.2746071 7.1371491 7.2364582 7.1006209 7.4178046 7.2364582 7.0645464 7.1006209 6.9013099 8.2281581 7.1006209 8.4320565 7.1006209 6.9700665 6.9700665 7.1371491 5.8448308 7.0050769 
MG515660.1        0.6584813 0.0000010 0.0173325 0.4081327 0.0365911 0.0365911 0.0353689 0.8435721 0.0540634 0.0540634 0.0173093 0.0173093 0.0351964 0.0173093 0.0353689 0.0170471 0.0000010 0.0000010 0.0000010 0.0000010 0.0724466 0.0724466 0.4081327 0.4071458 0.4511912 0.3679141 0.4630793 0.3879852 0.7306331 0.7306331 4.7963451 4.9716350 0.0000000 0.1313760 0.0173093 0.0351964 1.7127483 0.4630793 0.3879852 0.5055924 0.4966489 0.5016442 0.5067990 0.4675257 0.5067990 0.4954994 0.5016442 0.5016442 0.0353689 1.8325411 1.8947849 1.8925165 1.8925165 0.6584813 0.7282327 0.7157755 0.7306331 0.7934633 0.8091837 0.7260519 0.5945418 0.6564623 0.8435721 0.6466074 0.7178759 0.7784359 0.9789364 0.7157755 0.9414777 0.4511912 0.4081327 0.4467018 0.3342419 0.4511912 0.3718079 0.4119070 0.4558281 0.3679141 0.4109429 0.5353404 0.4511912 0.4795707 0.3679141 0.3334853 0.4930339 0.4467018 0.0173325 0.4876954 
AY521219.1        2.8291847 0.0768471 0.1982633 6.0824728 0.0000010 0.0000010 0.0000010 2.8291847 0.0703220 0.0703220 0.0000010 0.0000010 0.0698568 0.0000010 0.0000010 0.0768471 0.0768471 0.0768471 0.0768471 0.0768471 0.1743001 0.1743001 6.0824728 6.0963439 5.6863127 6.0824728 2.8291847 3.0078700 2.7731462 2.7731462 4.4319832 4.7200535 0.1313760 0.0000000 0.0000010 0.1106962 3.0078700 3.2541030 3.5772479 3.1433503 3.2621242 3.2541030 3.2541030 3.5772479 3.4053247 3.0430189 3.2621242 3.2621242 0.0000010 2.8291847 2.7731462 2.7751310 2.7751310 3.2541030 3.1390796 3.1408421 3.1348489 3.0445338 3.0468355 3.1433503 3.1390796 3.0501441 3.2541030 3.1390796 3.2541030 3.1408421 3.1348489 3.2541030 3.2541030 7.2809935 7.2809935 6.8304903 8.6198111 6.7185566 7.7983019 7.1519800 6.6109500 7.2809935 6.6109500 6.7185566 7.2809935 7.2809935 7.2809935 7.8205952 6.7185566 7.2809935 8.9999985 6.8304903 
MG515658.1        0.8435721 0.0173093 0.0360041 0.4795850 0.0176066 0.0176066 0.0170406 2.3475561 0.0346812 0.0346812 0.0000010 0.0000010 0.0169624 0.0000010 0.0170406 0.0353689 0.0173093 0.0173093 0.0173093 0.0173093 0.0944343 0.0944343 0.4795850 0.4782328 0.5353404 0.4293391 0.5404903 0.4489689 0.9805258 0.9805258 5.6355157 5.8492974 0.0173093 0.0000010 0.0000000 0.0169624 3.5772479 0.5404903 0.4489689 0.5945951 0.5806691 0.5882872 0.5962507 0.5471781 0.5962507 0.5791209 0.5882872 0.5882872 0.0170406 3.2541030 3.1348489 3.1390796 3.1390796 0.8435721 0.9750529 0.9414777 0.9805258 1.0977124 1.1469552 0.9706247 0.7368389 0.8395754 2.3475561 0.8173395 0.9455380 1.0534880 2.3575579 0.9414777 2.3292131 0.5353404 0.4795850 0.5281940 0.3891321 0.5353404 0.4349639 0.4853532 0.5428426 0.4293391 0.4839781 0.6765290 0.5353404 0.5866385 0.4293391 0.3881412 0.5903619 0.5281940 0.0360041 0.5814387 
MG515659.1        0.9414777 0.0351964 0.0549905 0.5281940 0.0357933 0.0357933 0.0346244 2.3292131 0.0528701 0.0528701 0.0169624 0.0169624 0.0000010 0.0169624 0.0346244 0.0539713 0.0351964 0.0351964 0.0351964 0.0351964 0.1155022 0.1155022 0.5281940 0.5266354 0.5903619 0.4727599 0.5882872 0.4902117 1.0977124 1.0977124 5.5553930 5.7625309 0.0351964 0.1106962 0.0169624 0.0000000 3.4053247 0.5882872 0.4902117 0.6467097 0.6300934 0.6390942 0.6485425 0.5962507 0.6485425 0.6283877 0.6390942 0.6390942 0.0346244 3.1408421 3.0445338 3.0479714 3.0479714 0.9414777 1.0914352 1.0490214 1.0977124 1.2147564 1.2685448 1.0866105 0.8173395 0.9366287 2.3292131 0.9075892 1.0534880 1.1642800 2.3409601 1.0490214 2.3138378 0.5903619 0.5281940 0.5814387 0.4293391 0.5903619 0.4795850 0.5353404 0.5998086 0.4727599 0.5337137 0.7769026 0.5903619 0.6604187 0.4727599 0.4282030 0.6513122 0.5814387 0.0549905 0.6400747 
AY521218.1        0.1631100 1.3540489 3.0031889 4.1407938 3.3736279 3.3736279 3.0078700 0.1631100 3.1370410 3.1370410 3.0078700 3.0078700 2.9017068 3.0078700 3.0078700 1.3540489 1.3540489 1.3540489 1.3540489 1.3540489 1.1579456 1.1579456 4.1407938 3.5601110 3.7780971 4.1407938 0.1631100 0.0000010 0.2767418 0.2767418 3.9278750 4.2516601 1.7127483 3.0078700 3.5772479 3.4053247 0.0000000 0.2886782 0.0000010 1.1911718 0.2769793 0.2886782 0.2886782 0.0000010 0.1218181 0.7369733 0.2769793 0.2769793 3.5772479 0.1631100 0.2767418 0.2745607 0.2745607 0.2886782 0.5497154 0.5113300 0.5593951 0.9048832 1.0215888 1.1911718 0.5497154 1.0023008 0.2886782 0.5497154 0.2886782 0.5113300 0.5593951 0.2886782 0.2886782 5.4701429 5.4701429 4.9670413 5.3308459 4.8567629 6.0927583 5.3308459 4.7538467 5.4701429 4.7538467 4.8567629 5.4701429 5.4701429 5.4701429 4.9670413 4.8567629 5.4701429 3.5682543 4.9670413 
KF268977.1        0.1410743 0.4630793 0.5419495 0.1624500 0.4727307 0.4727307 0.4902117 0.1699186 0.4489689 0.4489689 0.5404903 0.5404903 0.5882872 0.5404903 0.4902117 0.4225500 0.4630793 0.4630793 0.4630793 0.4630793 0.3190261 0.3190261 0.1624500 0.2117764 0.1384352 0.1875708 0.0352732 0.0354464 0.1657616 0.1657616 6.0623263 6.3611826 0.4630793 3.2541030 0.5404903 0.5882872 0.2886782 0.0000000 0.0354464 0.0538895 0.0932313 0.0173279 0.0173862 0.0738801 0.0939980 0.1352738 0.0541654 0.0936129 0.4902117 0.8887847 1.3150134 1.3018637 1.3018637 0.1410743 0.1654803 0.1646398 0.1657616 0.1906211 0.1916666 0.2162627 0.1654803 0.1913283 0.1699186 0.1902871 0.1649620 0.1896388 0.1973053 0.1646398 0.1957601 0.1875708 0.1624500 0.1865816 0.1632623 0.1875708 0.1393072 0.1632623 0.1885735 0.1875708 0.1629907 0.2206904 0.1875708 0.1928908 0.1875708 0.2129687 0.2129687 0.1865816 0.5419495 0.2117764 
KF268978.1        0.0963951 0.3879852 0.4500595 0.1165700 0.3884867 0.3884867 0.4064546 0.1212585 0.3704992 0.3704992 0.4489689 0.4489689 0.4902117 0.4489689 0.4064546 0.3523360 0.3879852 0.3879852 0.3879852 0.3879852 0.2599948 0.2599948 0.1165700 0.1616477 0.1393072 0.1393072 0.0354464 0.0000010 0.1186747 0.1186747 6.3281414 6.6570529 0.3879852 3.5772479 0.4489689 0.4902117 0.0000010 0.0354464 0.0000000 0.0936129 0.0538580 0.0540572 0.0542580 0.0355720 0.0542580 0.0928533 0.0540572 0.0540572 0.4064546 0.2886782 0.5593951 0.5497154 0.5497154 0.0963951 0.1184862 0.1179535 0.1186747 0.1413054 0.1419869 0.1646398 0.1184862 0.1417532 0.1212585 0.1410743 0.1181737 0.1406707 0.1456069 0.1179535 0.1445883 0.1393072 0.1165700 0.1386566 0.1170879 0.1393072 0.0953269 0.1170879 0.1399662 0.1393072 0.1640848 0.1675456 0.1393072 0.1427590 0.1393072 0.1624500 0.1624500 0.1386566 0.4500595 0.1616477 
KF268979.1        0.2162627 0.5055924 0.5963056 0.1394371 0.5719306 0.5719306 0.5390512 0.2533117 0.4943307 0.4943307 0.5945951 0.5945951 0.6467097 0.5945951 0.5390512 0.4620051 0.5055924 0.5055924 0.5055924 0.5055924 0.3515742 0.3515742 0.1394371 0.1868340 0.1164753 0.1634494 0.0930938 0.0936129 0.2454858 0.2454858 5.7185881 5.9810848 0.5055924 3.1433503 0.5945951 0.6467097 1.1911718 0.0538895 0.0936129 0.0000000 0.1582313 0.0730744 0.0733581 0.1371317 0.1597621 0.2055936 0.1146506 0.1589927 0.5390512 1.5794532 1.7174559 1.7128153 1.7128153 0.2162627 0.2450219 0.2435050 0.2454858 0.2744743 0.2763326 0.1905572 0.2450219 0.2757857 0.2533117 0.2739366 0.2440180 0.2727088 0.2867286 0.2435050 0.2840049 0.1634494 0.1394371 0.1626339 0.1400983 0.1634494 0.1629475 0.1881999 0.2149683 0.1634494 0.1878757 0.1942006 0.1634494 0.1678034 0.1634494 0.1878278 0.1878278 0.1626339 0.5963056 0.1868340 
KF268980.1        0.1638101 0.4966489 0.5822662 0.1856057 0.5111115 0.5111115 0.5278863 0.1946539 0.4849914 0.4849914 0.5806691 0.5806691 0.6300934 0.5806691 0.5278863 0.4545621 0.4966489 0.4966489 0.4966489 0.4966489 0.3471616 0.3471616 0.1856057 0.2367104 0.2117764 0.2117764 0.0932313 0.0538580 0.1895901 0.1895901 6.0922367 6.3946517 0.4966489 3.2621242 0.5806691 0.6300934 0.2769793 0.0932313 0.0538580 0.1582313 0.0000000 0.1138728 0.1143627 0.0936129 0.1143627 0.1131864 0.0731796 0.0731796 0.5278863 0.8030620 1.2047339 1.1911718 1.1911718 0.1638101 0.1892604 0.1882479 0.1895901 0.2154075 0.2166549 0.2420134 0.1892604 0.2162627 0.1946539 0.2150207 0.1886217 0.2142310 0.2234416 0.1882479 0.2216070 0.2117764 0.1856057 0.2106014 0.1865816 0.2117764 0.1616477 0.1865816 0.2129687 0.2117764 0.2409899 0.2472995 0.2117764 0.2181470 0.2117764 0.2381140 0.2381140 0.2106014 0.5822662 0.2367104 
KF268981.1        0.1646398 0.5016442 0.5899434 0.1865816 0.5171232 0.5171232 0.5340660 0.1957601 0.4902117 0.4902117 0.5882872 0.5882872 0.6390942 0.5882872 0.5340660 0.4587605 0.5016442 0.5016442 0.5016442 0.5016442 0.3497210 0.3497210 0.1865816 0.2381140 0.1613823 0.2129687 0.0537825 0.0540572 0.1906211 0.1906211 6.0623263 6.3611826 0.5016442 3.2541030 0.5882872 0.6390942 0.2886782 0.0173279 0.0540572 0.0730744 0.1138728 0.0000000 0.0353384 0.0939980 0.1148576 0.1574800 0.0734642 0.1143627 0.5340660 0.8887847 1.3150134 1.3018637 1.3018637 0.1646398 0.1902871 0.1892604 0.1906211 0.2166549 0.2179217 0.2435050 0.1902871 0.2175239 0.1957601 0.2162627 0.1896388 0.2154600 0.2248201 0.1892604 0.2229561 0.2129687 0.1865816 0.2117764 0.1875708 0.2129687 0.1624500 0.1875708 0.2141789 0.2129687 0.1872492 0.2488852 0.2129687 0.2194389 0.2129687 0.2395403 0.2395403 0.2117764 0.5899434 0.2381140 
KF268982.1        0.1654803 0.5067990 0.5979707 0.1875708 0.5233733 0.5233733 0.5404903 0.1968829 0.4956185 0.4956185 0.5962507 0.5962507 0.6485425 0.5962507 0.5404903 0.4630793 0.5067990 0.5067990 0.5067990 0.5067990 0.3523360 0.3523360 0.1875708 0.2395403 0.1621815 0.2141789 0.0539812 0.0542580 0.1916666 0.1916666 6.0623263 6.3611826 0.5067990 3.2541030 0.5962507 0.6485425 0.2886782 0.0173862 0.0542580 0.0733581 0.1143627 0.0353384 0.0000000 0.0541814 0.0734855 0.1582313 0.0737513 0.1148576 0.5404903 0.8887847 1.3150134 1.3018637 1.3018637 0.1654803 0.1913283 0.1902871 0.1916666 0.2179217 0.2192084 0.2450219 0.1913283 0.2188049 0.1968829 0.2175239 0.1906702 0.2167079 0.2262220 0.1902871 0.2243277 0.2141789 0.1875708 0.2129687 0.1885735 0.2141789 0.1632623 0.1885735 0.2154075 0.2141789 0.1882479 0.2504994 0.2141789 0.2207516 0.2141789 0.2409899 0.2409899 0.2129687 0.5979707 0.2395403 
KF268983.1        0.1417532 0.4675257 0.5486885 0.1632623 0.4779506 0.4779506 0.4956185 0.1708300 0.4535147 0.4535147 0.5471781 0.5471781 0.5962507 0.5471781 0.4956185 0.4262697 0.4675257 0.4675257 0.4675257 0.4675257 0.3212649 0.3212649 0.1632623 0.2129687 0.1885735 0.1885735 0.0738801 0.0355720 0.1666162 0.1666162 6.1766049 6.4880433 0.4675257 3.5772479 0.5471781 0.5962507 0.0000010 0.0738801 0.0355720 0.1371317 0.0936129 0.0939980 0.0541814 0.0000000 0.0173331 0.1358863 0.0939980 0.0939980 0.4956185 0.2886782 0.5593951 0.5497154 0.5497154 0.1417532 0.1663316 0.1654803 0.1666162 0.1916666 0.1927271 0.2175239 0.1663316 0.1923844 0.1708300 0.1913283 0.1658061 0.1906702 0.1984509 0.1654803 0.1968829 0.1885735 0.1632623 0.1875708 0.1640848 0.1885735 0.1399662 0.1640848 0.1895901 0.1885735 0.2166549 0.2220238 0.1885735 0.1939701 0.1885735 0.2141789 0.2141789 0.1875708 0.5486885 0.2129687 
