# Position (bp)	A	C	G	T	N
0.0	28.618944348440206	24.888170435628226	21.56656693870587	24.9263182772257	0.0
1.0	29.36540434183304	20.2280602759429	21.143878914258657	29.237758429104794	0.024898038860608984
2.0	26.927897225222626	22.21171642914427	22.137012653991857	28.723372813589375	8.780518712303916E-7
3.0	28.056479246611826	22.12807232983899	21.602106088193917	28.213337067044037	5.268311227382349E-6
4.0	27.8071581738797	21.795456622446334	22.378051063422667	28.019254237531015	7.990272028196564E-5
5.0	27.934235108995388	21.869190150281035	22.978621860358707	27.217935319327445	1.7561037424607833E-5
6.0	28.029987543604935	21.58397870731237	23.138505447539178	27.247285959227064	2.423423164595881E-4
7.0	27.944002558010954	21.84407259845262	22.841967135431634	27.369955073949175	2.6341556136911746E-6
8.0	27.667125583404008	22.110781732390723	22.513154270693278	27.708937535460127	8.780518712303916E-7
9.0	27.82143617535778	22.12487446492397	22.440343575375238	27.613345784343014	0.0
10.0	27.739544667587474	22.059830138406966	22.20048614571123	28.000139048294326	0.0
11.0	27.764412852684462	22.095631825404514	22.239888723432696	27.900065720426458	8.780518712303916E-7
12.0	27.869796638269534	21.9556150398625	22.07992084327259	28.09466747859538	0.0
13.0	28.122608845241672	21.789556113871665	22.223030127505073	27.864804913381587	0.0
14.0	28.18377920690281	21.765585297787077	22.374950662265356	27.675684833044762	0.0
15.0	28.23820876434851	21.67575268889337	22.465941421577217	27.620096247129034	8.780518712303916E-7
16.0	28.132001366108224	21.729494731723893	22.514401104350423	27.624102797817457	0.0
17.0	27.87269684360021	21.92352136591716	22.539306167626002	27.664474744804764	8.780518712303916E-7
18.0	27.761877038880346	21.98958335455292	22.620268696516543	27.62827091005019	0.0
19.0	27.7117552039149	22.222869444012638	22.39931923584761	27.666056116224848	0.0
20.0	27.841971174470242	22.16299069665408	22.192232458121666	27.80280567075401	0.0
21.0	27.69387104340168	22.179678950518685	22.152545391593925	27.973902858381965	1.7561037424607832E-6
22.0	27.640461782230354	22.18875625076347	22.227004190274265	27.94377689868005	8.780518712303916E-7
23.0	27.919676130918518	22.017198963954986	22.24722133460934	27.815891277790953	1.2292726197225482E-5
24.0	28.114354279600235	21.78983709047046	22.226357944097035	27.869210977671422	2.3970816084589692E-4
25.0	27.98407684541391	21.799414002229973	22.437598785225774	27.778910367130344	0.0
26.0	28.08926570348357	21.93341876660967	22.52299108580667	27.45432444410009	0.0
27.0	27.95912787954477	21.914407187493786	22.53437502831717	27.59208990464427	0.0
28.0	27.771426731031852	22.07575624324734	22.63011253604491	27.522704489675903	0.0
29.0	27.61620647733948	22.327138981773118	22.52913305864593	27.527521482241475	0.0
30.0	27.684742816148372	22.360209927451137	22.312022440758017	27.643024815642477	0.0
31.0	27.606230051978564	22.310999510328035	22.269846097175336	27.81292434051807	0.0
32.0	27.74815572228863	22.223809837566726	22.1486608901156	27.87937355002904	0.0
33.0	27.84301166593765	22.051848646897483	22.131679366926004	27.973459442186993	8.780518712303916E-7
34.0	28.07156329970769	21.893631602168607	22.22524018406496	27.809563157954997	1.7561037424607832E-6
35.0	28.106353470949585	21.903769589073832	22.359597925296892	27.630278136627823	8.780518712303916E-7
36.0	28.076768391200346	21.991414970756306	22.448240773905084	27.48357586413826	0.0
37.0	27.869792248010178	22.05127703512931	22.496821627836518	27.582107332920252	1.7561037424607832E-6
38.0	27.753700619855447	22.212081698722702	22.540481879081582	27.49372350961407	1.2292726197225482E-5
39.0	27.63230468034662	22.3431045989477	22.552864166569673	27.47172040777291	6.146363098612741E-6
40.0	27.698798313966993	22.348013582820844	22.484249951299287	27.468928488201428	9.6637114509938E-6
41.0	27.6572140061032	22.28175025211848	22.33728835142249	27.723742995406216	4.3949496157262614E-6
42.0	27.614918219812033	22.24916322889601	22.213613412625026	27.922300741331778	4.397335148060781E-6
43.0	27.76690219635728	22.227896472622906	22.082802127640928	27.92238864408736	1.0559291530670325E-5
44.0	28.00840685235152	22.026566819117132	22.119425533223357	27.84559551274153	5.282566460959127E-6
45.0	28.105978473990728	21.971517657677474	22.238127289855143	27.684364245552434	1.2332924223809133E-5
46.0	28.16731787228216	21.903008138570286	22.375629852167297	27.554035322650567	8.814329688472854E-6
47.0	28.08718249024469	21.83118404711141	22.455355064398066	27.626273106620523	5.291625307102782E-6
48.0	27.830922240958284	21.94873369226679	22.678193446912744	27.542140030639917	1.0589222271922933E-5
49.0	27.75059012594745	22.189900195450193	22.603195844823944	27.456308536259506	5.297518903489871E-6
50.0	27.742151200165953	22.300691330402227	22.47554560510832	27.481605680482975	6.183840525749415E-6
51.0	27.78377487989601	22.292549990487565	22.267020567188602	27.65664395573601	1.0606691811361683E-5
52.0	27.6845863054324	22.320108385136546	22.191332275535576	27.80396949640611	3.537489361553478E-6
53.0	27.634048934363122	22.357659467917543	22.15520662209352	27.85307524214576	9.733480061120945E-6
54.0	27.724287503266094	22.19022502735699	22.158053509107734	27.927428647931297	5.312337887922297E-6
55.0	27.918140892418037	22.089885741851166	22.269517396189432	27.72244711061055	8.858930819714477E-6
56.0	27.991396044105905	21.992361137598436	22.45182959975726	27.564409672942443	3.5455959607436227E-6
57.0	27.93429279329198	22.020110264414015	22.52692231127331	27.518670196426363	4.434594323533013E-6
58.0	27.893532993616866	22.058841108263234	22.53870569851913	27.508914875048873	5.324551893033941E-6
59.0	27.716207374782076	22.21327179041761	22.577024292664547	27.49348855050262	7.991633150793185E-6
60.0	27.51736660163795	22.4803451189187	22.508498374877355	27.49378101976909	8.884796906825482E-6
61.0	27.617514681917584	22.456380526442974	22.208885230049322	27.717215116551664	4.4450384596284625E-6
62.0	27.538650599339835	22.395526407950552	22.076181464611377	27.98963263291891	8.89517932250098E-6
63.0	27.63592045613906	22.28710744809697	22.03748929128388	28.039480134310256	2.670169834550225E-6
64.0	27.766561094013216	22.138065675675907	22.079270188570195	28.0160923545668	1.0687173880889025E-5
65.0	27.955747397740417	21.953956491382336	22.196575352091383	27.89371006499871	1.0693787156510322E-5
66.0	27.95211223822125	21.926975179484277	22.457001703771653	27.663898394784788	1.2483738036354554E-5
67.0	28.009641161815374	21.965044886202495	22.44754017821429	27.577717562179433	5.621158841332477E-5
68.0	27.874355135493055	22.087534730066295	22.39623244355465	27.64187233420114	5.356684860587277E-6
69.0	27.62279741861709	22.272171240190776	22.424979913706814	27.680042494387756	8.933097557920708E-6
70.0	27.456008751460992	22.450758395088645	22.456396817587816	27.63682888504137	7.150821178404738E-6
71.0	27.536594933108955	22.533588269830098	22.273729884104316	27.65607349694093	1.3416015701460809E-5
72.0	27.633543116900093	22.37342826887939	22.131504759591813	27.86151669485128	7.159777422925287E-6
73.0	27.66260708199174	22.22000868033595	22.039905813922093	28.0774640953302	1.4328420013632597E-5
74.0	27.70766810259979	22.147654140096904	22.05412422496491	28.090547259553233	6.272785164017157E-6
75.0	27.985926132217887	21.98800309579825	22.14118608700727	27.884879304660092	5.3803165048301835E-6
76.0	28.149498958825376	21.870074994936704	22.367736151968316	27.612679127024816	1.0767244792341302E-5
77.0	28.144951527412402	21.89197111800693	22.36655617256401	27.596512203865792	8.978150861844124E-6
78.0	27.96508307795159	21.999110503779605	22.534859219606044	27.500940910057803	6.288604959772424E-6
79.0	27.748543007713987	22.141775401735607	22.65106141022907	27.458606696040405	1.3484280928740096E-5
80.0	27.696548981631526	22.279976030811646	22.608275940135606	27.41518645402635	1.2593394865140393E-5
81.0	27.72887984451746	22.288765140861045	22.43147502464519	27.550874589276802	5.4006994985990584E-6
82.0	27.72698882470302	22.250155515937237	22.21482273452869	27.808018513948735	1.4410882320140524E-5
83.0	27.644559601444175	22.267901302975126	22.107094663858128	27.980379540548135	6.48911744361651E-5
84.0	27.719568313010672	22.263673724508656	22.048072102923722	27.968668724625985	1.7134930961830028E-5
85.0	27.936899178939267	22.045507610048535	22.09028228920943	27.92730460483336	6.316969407575929E-6
86.0	28.045756546309462	21.929461220912415	22.278567142467235	27.74620696291611	8.127394782024717E-6
87.0	28.070329915010007	21.939585825145368	22.38340488425883	27.60666853179814	1.084378764827524E-5
88.0	28.043371553743597	21.91499552573716	22.518832246923427	27.522791631118803	9.042477008620565E-6
89.0	27.781677248744657	22.04777161792869	22.627864624202072	27.542681984909827	4.524214755570792E-6
90.0	27.57273321347809	22.343809493834762	22.58088028664717	27.502572478781556	4.52725842377015E-6
91.0	27.63571065195932	22.414827587219165	22.333096058479427	27.61635845398852	7.248353563669338E-6
92.0	27.63244257952272	22.380163765804976	22.15658779029602	27.830799517911668	6.346464618926669E-6
93.0	27.606046959043702	22.39981946017729	22.101822420459893	27.892306623960295	4.536358816111238E-6
94.0	27.649438593966654	22.29882384930999	22.087866189509178	27.96385956462519	1.1802588988683814E-5
95.0	27.81373876867676	22.13261569372572	22.156317940736713	27.89731487765124	1.2719209557817316E-5
96.0	27.95576670909381	21.996897209968214	22.284166622095753	27.76315854908314	1.0909759082244883E-5
97.0	27.923460992145387	22.003248901317097	22.445253998540174	27.628020641630947	1.5466366398383737E-5
98.0	27.889031232299853	22.06125256498324	22.436402659298587	27.61329897656865	1.4566849672123429E-5
99.0	27.77430348376803	22.153431474144632	22.38961969321861	27.682635327304776	1.002156394577288E-5
100.0	27.576678219307322	22.31456352492915	22.397853580114425	27.710900117255555	4.558393545533543E-6
101.0	27.568625059941688	22.4732817752795	22.250674264999127	27.707410688745977	8.211033711575818E-6
102.0	27.618310048565558	22.497446434704607	22.03535362771806	27.84886980214869	2.008686308289212E-5
103.0	27.717147668518223	22.311747720633992	21.902853910908163	28.06824430402114	6.395918482995588E-6
104.0	27.629444843325974	22.228370115397905	22.025053466324973	28.117126088482276	5.486468872697161E-6
105.0	27.80200845965245	22.101270737739664	22.06944469075011	28.027257810508154	1.8301349620216797E-5
106.0	27.931986183615816	21.94840105199452	22.173335247391535	27.94626927516804	8.24183009361034E-6
107.0	28.053220246161708	21.956461479246855	22.32278801946301	27.667524756491247	5.498637176522392E-6
108.0	28.047414097053704	22.030973444550572	22.322513011084638	27.599086607794487	1.2839516598436406E-5
109.0	27.864182076438176	22.12559674661769	22.37801709314133	27.63219123448055	1.2849322248271978E-5
110.0	27.594093898637613	22.298541011226895	22.45551129345026	27.65184093727056	1.2859414669572012E-5
111.0	27.638471261349874	22.401967258160273	22.39554548356068	27.564006804580753	9.19234841052208E-6
112.0	27.61735176789952	22.396361130664825	22.255065653836724	27.7312094881409	1.1959458026064959E-5
113.0	27.665874651674482	22.320765510207664	22.123314643370488	27.890035067031622	1.0127715743523995E-5
114.0	27.61155773206131	22.25546157301172	22.038363754968767	28.094603118468914	1.3821489292192778E-5
115.0	27.71295314434002	22.195477199091883	21.986928664139995	28.104631770818962	9.22160913685886E-6
116.0	27.92603182019341	22.00978862660149	21.992863885238606	28.07129905608228	1.661188421025732E-5
117.0	28.12557443281389	21.943732032046377	22.1524272659417	27.778247796833398	1.84723646313255E-5
118.0	27.999467803183393	22.009626465353076	22.289527122440322	27.701366591795022	1.2017228194147825E-5
119.0	27.926492312103733	22.049900965374466	22.386351229822214	27.637248091458027	7.40124155642078E-6
120.0	27.772689095934272	22.104042273858294	22.45328032203074	27.669966086184715	2.222199197769423E-5
121.0	27.672567025432482	22.36146758949821	22.411991311869457	27.5539601731992	1.3900000652373364E-5
122.0	27.670578617275414	22.415640954430106	22.202850146307476	27.71091822564039	1.2056346615736206E-5
123.0	27.710069728687998	22.29964429438958	22.08125861289394	27.909007871936886	1.949209159898185E-5
124.0	27.58481044108726	22.353882149490858	22.040872572469155	28.02036794702109	6.688993163272991E-5
125.0	27.85021933626367	22.233050187259956	21.903433016734766	28.013281652191722	1.5807549886674745E-5
126.0	27.932778566845123	22.043050238121708	21.879128574926074	28.144781088530717	2.6153157637785377E-4
127.0	27.93440379400613	22.090343887885233	22.118647314027868	27.85658078365883	2.4220421936890746E-5
128.0	28.052781291142438	22.016304322236486	22.283878735315525	27.647017003835455	1.864747009073999E-5
129.0	28.089355075867996	21.90243445388801	22.346722801720784	27.661471803781897	1.586474132165987E-5
130.0	27.91762078064662	21.9618722664314	22.336173903847765	27.784320906704036	1.2142370187111215E-5
131.0	27.786091274149268	22.217782380494388	22.306507117099432	27.68960613842708	1.308982983613908E-5
132.0	27.744867789296134	22.381748546147364	22.087517333838928	27.78585322915218	1.3101565393749768E-5
133.0	27.771107718118092	22.328447687523084	22.028552113990855	27.87187936723081	1.3113137159490113E-5
134.0	27.76160930314086	22.26683410318103	21.8383332212648	28.133210246706657	1.312570665523205E-5
135.0	27.721513835259625	22.240324685134123	21.848734890197072	28.189415327767776	1.1261641405068826E-5
136.0	27.796082688899197	22.148739549146075	21.90950471284295	28.14565707951878	1.5969592993128772E-5
137.0	27.951848211425695	21.993366566983397	21.98565825898747	28.069111916497803	1.504610564045681E-5
138.0	28.208512491936833	21.846962095291392	22.118583913767594	27.82592267220112	1.882680306057924E-5
139.0	28.031908325409265	21.96999201855535	22.226985621252126	27.771098956427977	1.5078355285800847E-5
140.0	28.143197376695735	21.97571654526977	22.18465622394681	27.69641664677551	1.3207312179332358E-5
141.0	27.711116561683337	22.239202608923293	22.282593117827453	27.767072600819304	1.5110746614718188E-5
142.0	27.79988552825302	22.31352587493656	22.211240281438595	27.675334133332708	1.4182039122516396E-5
143.0	27.483427432880507	22.609082909891757	21.923122090207197	27.98435147620762	1.6090812913452847E-5
144.0	27.35900068342178	22.93348767388125	21.681529695162922	28.02578012458389	2.018229501631767E-4
145.0	27.305638528680337	22.75162476815009	21.973973243031896	27.968743541149525	1.99189881472725E-5
146.0	28.113084865024046	22.099699943696116	21.949588223837047	27.837561442598762	6.552484402950441E-5
147.0	28.338053190548667	21.315347686435057	22.266883975776096	28.07971514724018	0.0
148.0	28.854021526996586	21.87673227258947	22.337748749033246	26.931496500937087	9.50443613378661E-7
149.0	29.417196319710648	20.79462954069406	20.274471724855733	29.487690623558372	0.026011791181187512
150.0	24.86997821776979	21.203708282196104	25.15432860063902	28.771984899395083	0.0
