# Position (bp)	A	C	G	T	N
0.0	28.3329646989378	22.251667740237643	21.160938272241268	28.25442928858329	0.0
1.0	28.59730057669807	21.066393697852806	22.234264987147593	28.076875894770314	0.025164843531219203
2.0	28.184919756882547	21.65356079349946	22.093330771300685	28.068188678317306	0.0
3.0	27.816988645919018	21.886436486818866	22.51007879949607	27.78649488775838	1.1800076681618307E-6
4.0	27.663608889196006	21.884065851413528	22.744248961227452	27.707999597664585	7.670049843051899E-5
5.0	27.63573710807402	22.266708117976034	22.796499700773655	27.301035013045926	2.0060130358751125E-5
6.0	27.64011847654591	22.009532526746174	22.879907362790007	27.470262272752354	1.7936116556059828E-4
7.0	27.655319335327167	22.24466675474244	22.564250591526044	27.53576213839668	1.1800076681618307E-6
8.0	27.542400861537757	22.273323240963748	22.42253875062582	27.761735966865007	1.1800076681618307E-6
9.0	27.65400834680784	22.226742438263063	22.501743225328173	27.61750598960092	0.0
10.0	27.614436789656033	22.23822155285894	22.46072025874453	27.686621398740495	0.0
11.0	27.719405551785037	22.21856970515337	22.419382230113484	27.642642512948107	0.0
12.0	27.750845676095544	22.140710439192716	22.423292775525773	27.685151109185966	0.0
13.0	27.797117316787173	22.133215030484553	22.45258056584955	27.617087086878726	0.0
14.0	27.767648985290165	22.169001123036896	22.437920150580307	27.625429741092628	0.0
15.0	27.769114554814024	22.170577613281562	22.460273035838295	27.60003479606612	0.0
16.0	27.706104505349515	22.22667871784898	22.477486987701443	27.58972978910006	0.0
17.0	27.673892656024034	22.290401491945055	22.47729346644386	27.55841002557171	2.3600153363236615E-6
18.0	27.644115162517974	22.29075785426084	22.50071307863387	27.564413904587315	0.0
19.0	27.649486557423447	22.3107176839678	22.476344740278662	27.5634510183301	0.0
20.0	27.678079323230676	22.285858462422635	22.49624438959454	27.53981782475215	0.0
21.0	27.633738175084154	22.299246829425595	22.527859155039934	27.539155840450313	0.0
22.0	27.60135758466213	22.288473359415278	22.53613572882442	27.574033327098174	0.0
23.0	27.592931149903784	22.326762248231795	22.564763894861695	27.515534446949054	8.260053677132816E-6
24.0	27.58012570668889	22.337890900550228	22.535938667543835	27.54579220357606	2.525216409866318E-4
25.0	27.586611028833108	22.339854433310048	22.551052205757653	27.522482332099184	0.0
26.0	27.615745418160024	22.355001011738572	22.56575510130295	27.46349846879845	0.0
27.0	27.61774081112689	22.35151054905615	22.576153328874792	27.45459531094217	0.0
28.0	27.62241364149281	22.370313971248308	22.573160829428335	27.434111557830548	0.0
29.0	27.61522857480137	22.377932100753963	22.57887678657291	27.427962537871757	0.0
30.0	27.609887860095274	22.382706411779346	22.593631602455606	27.413774125669775	0.0
31.0	27.581870938030107	22.38955989631603	22.61869850535037	27.409870660303497	0.0
32.0	27.608980434198454	22.425652790862095	22.570286330748694	27.395080444190757	0.0
33.0	27.60385330088029	22.40831729820913	22.60263624097135	27.385191979931562	1.1800076681618307E-6
34.0	27.589903250227284	22.40711605040294	22.607712633959782	27.39526452538699	3.540023004485492E-6
35.0	27.60273111358787	22.452545165619505	22.566189344124833	27.378533196660126	1.1800076681618307E-6
36.0	27.61613010065985	22.42268507157667	22.57691915385143	27.384265673912054	0.0
37.0	27.58229810080598	22.41828010295142	22.607594633192964	27.391827163049637	0.0
38.0	27.58255770249297	22.421705665212095	22.598731595597403	27.397001496674527	3.540023004485492E-6
39.0	27.564154302900324	22.440330906246363	22.606716707487852	27.388792183327126	5.900038340809154E-6
40.0	27.567774434230092	22.429706600059713	22.616167915588402	27.386342785411244	8.264710556081487E-6
41.0	27.549207977357277	22.452618967071256	22.598096431407534	27.400065992091605	1.0632072328995728E-5
42.0	27.55049317774257	22.4376818660301	22.605282062794345	27.406534619273287	8.274159695253716E-6
43.0	27.586500775367607	22.432801365518397	22.57096119481417	27.40972602006294	1.0644236878408647E-5
44.0	27.60413870897349	22.431099226675414	22.56431393655207	27.400438660643662	9.467155361226413E-6
45.0	27.583374339106065	22.437648372100423	22.57039198013762	27.408572283432093	1.3025223795842928E-5
46.0	27.571557207204823	22.440208945449044	22.59129864426741	27.39693046367883	4.739399890787639E-6
47.0	27.5617671583436	22.44062476810614	22.573309996667426	27.42428503540033	1.3041482501667915E-5
48.0	27.529851610234957	22.42510024483077	22.63177233378028	27.413263948106092	1.186304789768463E-5
49.0	27.56352200886085	22.44943108640545	22.598231734239448	27.388808048517472	7.121976778723494E-6
50.0	27.537853997040624	22.476316959819936	22.611898033483556	27.373922695806158	8.313849727522483E-6
51.0	27.57997963151067	22.45476982367556	22.598850437800593	27.366392976603947	7.130409230942225E-6
52.0	27.561727395342285	22.4580674460557	22.59267284319941	27.38752755902815	4.756374457374966E-6
53.0	27.56639270419959	22.44996718266186	22.575036435550206	27.408594159108716	9.51847962847851E-6
54.0	27.512370156971677	22.446088717576053	22.609974449079598	27.431563104632385	3.57174029081038E-6
55.0	27.522857721798943	22.432178133185815	22.60866092812662	27.43629487773049	8.339158136015648E-6
56.0	27.54654571966245	22.411010624854935	22.61545492635894	27.426982768856934	5.960266740055828E-6
57.0	27.527918196886286	22.449619424213775	22.604834862003294	27.41761797442625	9.542470392666573E-6
58.0	27.524970051430415	22.451893799076295	22.609835958977076	27.41329541636171	4.7741545035035075E-6
59.0	27.53067835809621	22.475383923607605	22.607322151871145	27.38660481769861	1.074872642520648E-5
60.0	27.518929904753097	22.470747761786477	22.596673657171973	27.41364031086626	8.365422196584195E-6
61.0	27.521392825836166	22.462622585187443	22.59312293642508	27.42284969430415	1.195824715821823E-5
62.0	27.533365244911874	22.463837187196493	22.572798747225644	27.429992837843297	5.982822693832448E-6
63.0	27.53330162818763	22.465521971135548	22.570656869689635	27.430513544215295	5.9867718922448596E-6
64.0	27.518405845730754	22.46026287312893	22.591647318025878	27.429671981604546	1.1981509894300916E-5
65.0	27.54006512917725	22.45990609568056	22.57413621639156	27.42588176807231	1.0790678321462508E-5
66.0	27.539717483961653	22.441923272266187	22.608055682239637	27.410293963496247	9.598036280169223E-6
67.0	27.547896916289766	22.450220604261016	22.594383953918058	27.407455305339727	4.322019143615437E-5
68.0	27.550431603628745	22.45806068082629	22.5857020347749	27.40579727137819	8.409391877949834E-6
69.0	27.55048986081952	22.467350646130242	22.571508625051447	27.4106484637798	2.4042189811694116E-6
70.0	27.539833352948644	22.49479215935497	22.57107414173237	27.394291925655313	8.420308706801291E-6
71.0	27.57173640108136	22.479228067175068	22.5357138867752	27.413313219099738	8.425868630019241E-6
72.0	27.546173752200104	22.482409720973028	22.56910328669951	27.402303603895362	9.636232001054397E-6
73.0	27.531467637326923	22.482966284624357	22.56405901122464	27.42149139743073	1.5669393350034817E-5
74.0	27.543141811862437	22.475223027162098	22.557924207607947	27.423700097661552	1.085570596833084E-5
75.0	27.554002780640317	22.495840331698204	22.52980257202651	27.420347073189628	7.242445335863393E-6
76.0	27.553507581965043	22.46803638771164	22.55613160751593	27.422311135990473	1.3286816912059678E-5
77.0	27.554537105709446	22.50669554814596	22.542562106322553	27.39620040507672	4.834745322719311E-6
78.0	27.560890668098313	22.49094690047286	22.54592914526805	27.40222361023393	9.675926843123158E-6
79.0	27.558149613066153	22.483107814314696	22.5672505749019	27.391482315006023	9.682711229828145E-6
80.0	27.54884484810493	22.477310690763723	22.57406377765629	27.39976978281056	1.0900664497240643E-5
81.0	27.544527923603297	22.48082061086744	22.551550221538484	27.42309154769759	9.696293189532134E-6
82.0	27.552154517226572	22.494451476789155	22.514545892404545	27.438843262199814	4.851379916800775E-6
83.0	27.558661232602994	22.470955238106498	22.530816871101063	27.439521751648332	4.4906541113479775E-5
84.0	27.5391426605402	22.476726834966513	22.53086031782155	27.45325318342396	1.700324777821294E-5
85.0	27.540448738849083	22.45952391546303	22.543979553301018	27.45603563874781	1.215363906144592E-5
86.0	27.547770276498625	22.468937965056952	22.529682381162626	27.453600863528145	8.513753658892057E-6
87.0	27.525918591009468	22.486835175751676	22.542035975858386	27.445205388833728	4.868546742813821E-6
88.0	27.546074643389375	22.48019727808058	22.52274976415928	27.450964916232834	1.3398137934097996E-5
89.0	27.56205867979517	22.463523104063523	22.5100720046526	27.464334022721857	1.2188766847100233E-5
90.0	27.53075354901092	22.491160604348583	22.513910291218682	27.46415847882452	1.707659729673074E-5
91.0	27.559119416977584	22.471238043786006	22.51457620121795	27.455057793669724	8.544348740279201E-6
92.0	27.558553119904573	22.46342796999422	22.510537896098892	27.467468799232016	1.2214770303015593E-5
93.0	27.553852259989505	22.481770153599143	22.489192533892204	27.47517649575662	8.556762524939753E-6
94.0	27.56441765537245	22.490438337340464	22.484033190988864	27.46109613681843	1.4679479797402629E-5
95.0	27.574062684697648	22.463689697672446	22.500224024319003	27.462019920781085	3.67252981971796E-6
96.0	27.587327807633727	22.447988347573787	22.490360383309195	27.474312435712868	1.1025770422951862E-5
97.0	27.583546729896565	22.44048961590752	22.494962028262268	27.480989365932217	1.2260001430251765E-5
98.0	27.5719149387576	22.442354870834265	22.500050028071545	27.485665439176348	1.4723160234079107E-5
99.0	27.5557117134497	22.43786920174187	22.526053036865584	27.48035376966281	1.2278280046743904E-5
100.0	27.558302469765334	22.429701471007085	22.527955376576486	27.484027166656876	1.3515994213188516E-5
101.0	27.54049222825452	22.46363456249722	22.49879713149185	27.49707115905468	4.918701730320569E-6
102.0	27.54467180145353	22.46401564532986	22.483422409507117	27.507883990255195	6.1534543018762104E-6
103.0	27.57740754519152	22.43648844188266	22.471218248531684	27.514873447986364	1.2316407776801565E-5
104.0	27.56408973959542	22.419112052459962	22.48945065761394	27.52733399096268	1.355936799785762E-5
105.0	27.541845877729422	22.43079382104007	22.48156562850408	27.545787271048845	7.4016775951613944E-6
106.0	27.55718479805339	22.419112755777864	22.491530620971496	27.532163183005242	8.642192003604435E-6
107.0	27.56643212832891	22.4133847674857	22.470066732867082	27.55010772229907	8.649019240756472E-6
108.0	27.573598189330834	22.407457516736127	22.479552299117376	27.53937839295977	1.3601855896572082E-5
109.0	27.557145240824514	22.41605394235356	22.48656163000448	27.54022681140275	1.2375414689317752E-5
110.0	27.550303242750225	22.442953405501626	22.464537828481706	27.542191899082546	1.3624183897450718E-5
111.0	27.57591670419809	22.419778849511562	22.468147314378175	27.536143496517155	1.3635395016216018E-5
112.0	27.574296381706752	22.420140074754325	22.473599469254445	27.531957871203268	6.203081211868186E-6
113.0	27.570705076561726	22.422898425840753	22.45203685331257	27.554350952547946	8.691737005272693E-6
114.0	27.585888715357125	22.397829063722092	22.45415819115884	27.562109117027163	1.4912734777086554E-5
115.0	27.57591433324686	22.387516727415065	22.467989165051694	27.568567336506216	1.2437780160220748E-5
116.0	27.584352836152732	22.39188157615683	22.458566882841833	27.56517380833687	2.489651173604758E-5
117.0	27.590908740928427	22.393594930659848	22.446797994831417	27.568682137064037	1.619651626888978E-5
118.0	27.59623390241761	22.37704847812322	22.45562076276082	27.5710881276915	8.729006847644002E-6
119.0	27.597675529394174	22.385723783588745	22.453656675426927	27.562935275043344	8.736546809980981E-6
120.0	27.607453619988583	22.38002596172377	22.436984308791715	27.57552611614601	9.993349925292214E-6
121.0	27.626298888494865	22.373443560497154	22.43443689022611	27.56580565781053	1.5002971338473586E-5
122.0	27.647204006929947	22.361216173934885	22.405461853114506	27.586100447439577	1.7518581083025712E-5
123.0	27.646904212359875	22.35481289548745	22.404870784941725	27.593388310676236	2.3796534718555503E-5
124.0	27.663455590642826	22.35662653659489	22.396820878532328	27.583023029219213	7.3965010738842E-5
125.0	27.69274199858967	22.337386467382277	22.384145194059194	27.585711282010024	1.5057958836459475E-5
126.0	27.68808988826143	22.330254462631228	22.386112128706515	27.595259647395814	2.8387300501494324E-4
127.0	27.684856122405566	22.350401781435043	22.376819749394922	27.587908516684156	1.38300803140424E-5
128.0	27.743284616592657	22.314659925810698	22.343920702150907	27.598118395285216	1.6360160527405265E-5
129.0	27.749373656982723	22.289773293348727	22.37035480239101	27.59049194879632	6.298481220769614E-6
130.0	27.73581721368778	22.286372207700854	22.366664411810746	27.61113229723019	1.3869570433555838E-5
131.0	27.760116633146158	22.263788961075925	22.355810162595148	27.620271620766466	1.2622416295519241E-5
132.0	27.762310199459368	22.27663565250228	22.32391522188611	27.63713260890132	6.317250926462752E-6
133.0	27.755627755745365	22.266701424131607	22.326283843111806	27.651371801287915	1.517572330437565E-5
134.0	27.77217542090173	22.269367738334	22.274494804244068	27.683946845213804	1.5191306400193599E-5
135.0	27.77266558311767	22.25341017909606	22.252757540525845	27.721152757407463	1.3939852956094723E-5
136.0	27.776558951456305	22.24120882154326	22.251513520963183	27.73070221445872	1.6491578537362407E-5
137.0	27.792163792560505	22.251775329646925	22.195673618627925	27.76036693843985	2.0320724793515717E-5
138.0	27.80854347947675	22.22288322740983	22.19958925767709	27.768961149597395	2.2885838938340173E-5
139.0	27.809155320229046	22.223545552665374	22.258544785760304	27.708731427757016	2.2913588263212003E-5
140.0	27.834547734485998	22.22982265479849	22.290488337655535	27.645128528971824	1.274408815768862E-5
141.0	27.756251452269375	22.313978703056126	22.313169751292882	27.61658605794093	1.4035440687127198E-5
142.0	27.90640793789506	22.247533115176026	22.335952754831823	27.510093417277016	1.2774820073366046E-5
143.0	27.689779260500718	22.364154163951216	22.309076022773695	27.63696880955165	2.1743222720613838E-5
144.0	27.607300374592093	22.69488136781807	22.07142468700943	27.626220706154253	1.72864426156754E-4
145.0	27.436448251353053	22.593913422982816	22.316455573689762	27.653172496600824	1.0255373543328345E-5
146.0	27.83590939925561	22.558108977739366	21.955968224800174	27.64994922133628	6.417686857466807E-5
147.0	27.955942584986172	22.291064234308273	21.950278678888385	27.802710648767402	3.853049767878796E-6
148.0	28.23192777453703	21.87745869027768	21.720193726775854	28.170419808409434	0.0
149.0	28.309054553563897	21.95505364142347	21.05058254077428	28.658924420655417	0.026384843582936766
150.0	28.31309152181137	20.824446264919093	22.38232876537137	28.48013344789817	0.0
