# Position (bp)	A	C	G	T	N
0.0	29.587781588432605	22.60767373835596	21.432456231617927	26.372081518221307	6.923372199575564E-6
1.0	29.517060726088385	20.84748943708027	21.766236159382785	27.86824163599174	9.720414568204092E-4
2.0	29.221961678802554	21.434320003414054	21.356702077684613	27.986953929748985	6.231034979618008E-5
3.0	29.142554753696743	21.395517271584314	21.708640626054514	27.753061646730725	2.2570193370616338E-4
4.0	29.234479135739388	21.410950852891606	21.800332382791254	27.554045158830604	1.924697471482007E-4
5.0	29.20684103391868	21.269420509039	21.61944959135626	27.90388592542404	4.029402620152978E-4
6.0	29.140742214854892	21.18612957212923	21.91570899582274	27.757244748213704	1.744689794293042E-4
7.0	28.883799256435367	21.413929287611865	21.576217285993234	28.125651229697525	4.029402620152978E-4
8.0	28.790486045929487	21.39682163490671	21.58557768520706	28.226754618602364	3.6001535437792933E-4
9.0	28.85470032308055	21.337765270044333	21.65763060436248	28.149817952697358	8.5849815274737E-5
10.0	28.88339908552223	21.365569532797828	21.60749846626536	28.143445680924874	8.72344897146521E-5
11.0	28.843616004189027	21.343198732546558	21.58283187579271	28.230181687841156	1.71699630549474E-4
12.0	28.811841879816296	21.36425409207991	21.59470684378942	28.228996406520583	2.0077779378769136E-4
13.0	28.7425860030295	21.382225781635565	21.60677428153328	28.268089919982707	3.240138189401364E-4
14.0	28.68673792884441	21.416032608086095	21.608988375962706	28.28806384877849	1.7723832830913444E-4
15.0	28.587566160783247	21.443133456224114	21.649106548510368	28.319907206873214	2.8662760906242833E-4
16.0	28.5588826297604	21.469685973283926	21.641985167865883	28.32937145667003	7.477241975541609E-5
17.0	28.495393922015854	21.529218666153636	21.668188746966834	28.30696188553445	2.3677932922548428E-4
18.0	28.43876489144665	21.56537390045426	21.70485631081023	28.290874737891514	1.3015939735202062E-4
19.0	28.41571560071982	21.600192923920364	21.688112827482776	28.29565186470922	3.267831678199666E-4
20.0	28.43520766281051	21.583412054383032	21.697751546259024	28.283504115847848	1.2462069959236015E-4
21.0	28.408123430765762	21.581714443519697	21.724683464115373	28.284635394865255	8.432667339083037E-4
22.0	28.42069350533131	21.583209891914805	21.717275455861827	28.27871037293686	1.1077395519320903E-4
23.0	28.39372143191621	21.60545607146648	21.72346910463157	28.27620134285173	0.0011520491340093737
24.0	28.354830080922312	21.629848496400026	21.733456761366675	28.281708193099277	1.5646821171040774E-4
25.0	28.328017245067798	21.658893427451687	21.740661222477552	28.272099937160704	3.281678422598817E-4
26.0	28.34584631315614	21.654992799554446	21.753310223486178	28.245544650752013	3.060130512212399E-4
27.0	28.33501123566381	21.626799443283335	21.753067905459194	28.284995410219633	1.2600537403227528E-4
28.0	28.34112595799047	21.633726969506228	21.77676799317278	28.248102144442537	2.7693488798302256E-4
29.0	28.312345499756837	21.672117068352875	21.76520180757617	28.25015561663693	1.8000767718896467E-4
30.0	28.265029789470496	21.709848062166124	21.764189610560592	28.26085499603415	7.754176863524631E-5
31.0	28.26203473865696	21.703608719139865	21.79126276520981	28.24292761606057	1.6616093278981354E-4
32.0	28.294462429365336	21.689889364789185	21.756101727157045	28.259117229612063	4.29249076373685E-4
33.0	28.23309919688606	21.667909042729974	21.807957784931865	28.290712730982044	3.212444700603062E-4
34.0	28.275545007167214	21.671462117342795	21.780413840973075	28.271943468948997	6.355655679210368E-4
35.0	28.289375135473087	21.690872483641527	21.758098427699405	28.261303630552685	3.503226332985235E-4
36.0	28.25735453905005	21.70838861530645	21.771834398143362	28.2617411876757	6.812598244382355E-4
37.0	28.23288318767343	21.73072479869672	21.78046922795067	28.255807857700667	1.1492797851295437E-4
38.0	28.26705556817609	21.7154186074379	21.767359130353555	28.249889759144466	2.7693488798302256E-4
39.0	28.216502489049233	21.722710303038497	21.780236602644766	28.280383059660274	1.6754560722972864E-4
40.0	28.230057708458762	21.736407867289568	21.774951954481043	28.25843261695315	1.498528174764794E-4
41.0	28.226654162460164	21.751133393585224	21.762878159888913	28.25922027070748	1.1401335822217136E-4
42.0	28.209683343670065	21.779392447352166	21.736599808817285	28.273884143810907	4.402563495693374E-4
43.0	28.199107357117477	21.770809290279843	21.772360331175573	28.257597374549864	1.2564687724161882E-4
44.0	28.206861829247682	21.766526312376172	21.75057332617902	28.275811911383038	2.266208140949865E-4
45.0	28.199070113548352	21.74164446304845	21.767070224346245	28.29167831149619	5.368875607595863E-4
46.0	28.222904810290466	21.74358551636469	21.763167769039327	28.269923288000136	4.186163053832357E-4
47.0	28.232438822775528	21.73665300978768	21.771550690182924	28.25845652866762	9.009485862427403E-4
48.0	28.185525194528715	21.773081484536057	21.786068122321208	28.25523209432401	9.310429000869086E-5
49.0	28.17487322763678	21.78684357412538	21.78039730611591	28.25767667114268	2.0922097925483519E-4
50.0	28.19090413164415	21.78697519247198	21.74960329905135	28.271899706418136	6.176704143819059E-4
51.0	28.177810451760642	21.766761856144416	21.762080825372067	28.293231864147035	1.1500257584473117E-4
52.0	28.182247920368493	21.76014781433191	21.766196518308504	28.29121565688598	1.9209010511426672E-4
53.0	28.19044573826807	21.765398152516603	21.763622724407412	28.28044782200747	8.55628004430784E-5
54.0	28.170602498201237	21.789037383121336	21.750391599412787	28.289861328666337	1.0719059830404751E-4
55.0	28.15003464211371	21.805609243717942	21.766276279006718	28.27790509200972	1.7474315191613887E-4
56.0	28.158467310294284	21.775026824914946	21.765901566554362	28.3005210411993	8.325703711086253E-5
57.0	28.156144503049497	21.762490104544376	21.779115779100156	28.302002177464182	2.474358417923424E-4
58.0	28.177555396044152	21.755750844571363	21.767241317167436	28.299327012967883	1.2542924916667404E-4
59.0	28.164972098312973	21.762323249918598	21.778998549230177	28.292934539429996	7.715631082561413E-4
60.0	28.131495774880367	21.81183627235842	21.784515633057776	28.27182214342015	3.3017628328986087E-4
61.0	28.135785101426354	21.812368541679206	21.749692224622734	28.302062691208885	9.144106281686051E-5
62.0	28.15663883037684	21.805852116409792	21.731879989359815	28.305489405967364	1.3965788618624207E-4
63.0	28.1473278337333	21.795011399811845	21.76470776099669	28.292849465595037	1.0353986313167574E-4
64.0	28.17872528620573	21.77652265955717	21.754235797427786	28.29044024731035	7.600949896555457E-5
65.0	28.17782391473865	21.77988479362802	21.752055907666353	28.290090335019407	1.4504894757318607E-4
66.0	28.1411029659436	21.795182224267876	21.762504950239855	28.301114397849265	9.546169940770421E-5
67.0	28.159387248081476	21.780373166257576	21.77678982514856	28.282962461454424	4.8729905796406097E-4
68.0	28.177757874321053	21.770386402435093	21.756262648747516	28.295430732499927	1.6234199640896552E-4
69.0	28.13622560491173	21.775714190121068	21.775721587341025	28.312159604903236	1.790127229372301E-4
70.0	28.150136843577638	21.79266918399741	21.759369499877216	28.294554126766286	0.00327034578144601
71.0	28.162336874983414	21.79598897144454	21.734866086552614	28.306547868404625	2.601986148066542E-4
72.0	28.136998896510658	21.809808970368547	21.738884635730766	28.31411075446322	1.9674292680859064E-4
73.0	28.13725702786764	21.7974862320331	21.7412880088773	28.32382974877937	1.3898244258713754E-4
74.0	28.13106101561947	21.80661321932032	21.727097834569488	28.33489074689538	3.371835953437193E-4
75.0	28.154900512572755	21.79357203888621	21.733587035437598	28.31770149487828	2.3891822515854892E-4
76.0	28.190919793693947	21.75176778200391	21.730293885568187	28.326742904094992	2.7563463896591764E-4
77.0	28.175804344588528	21.769448957610376	21.74559728197469	28.309107149709213	4.22661171950671E-5
78.0	28.17121391779729	21.765909543120543	21.75706125518485	28.30546135237989	3.5393151742768624E-4
79.0	28.18529905236175	21.77001404021335	21.737116595995303	28.30749605425405	7.42571755428567E-5
80.0	28.16184489309214	21.77927175403733	21.729938612335793	28.32709543096338	0.0018493095713552454
81.0	28.152592278197268	21.788692873545383	21.73292928463147	28.32570950024074	7.606338514010495E-5
82.0	28.162036076401947	21.780145024264733	21.725262607092237	28.33232308083667	2.332114044156918E-4
83.0	28.171988611949107	21.772727051960374	21.706102378397905	28.34874667201187	4.352856807414433E-4
84.0	28.17473316680261	21.770151792564203	21.718598139789325	28.336395994251333	1.2090659252531569E-4
85.0	28.173879471947018	21.7578508242368	21.71932331136443	28.34889118225895	5.521019279537349E-5
86.0	28.18491384896796	21.74622824554096	21.7207343681366	28.348022102829006	1.0143452548152851E-4
87.0	28.17471239610913	21.743846670484988	21.727058218746503	28.354284140263847	9.85743955287147E-5
88.0	28.184135568805967	21.731801264522684	21.729248001747703	28.354778116370678	3.704855296224947E-5
89.0	28.17395102910931	21.73922125477751	21.732702464639587	28.354069548543375	5.5702930207771775E-5
90.0	28.157161898278222	21.768510225282906	21.718977437276074	28.355040229123617	3.102100391848015E-4
91.0	28.16104057228192	21.76552455037492	21.712416168462685	28.360788600545007	2.3010833547077548E-4
92.0	28.170276504878583	21.770352878830387	21.695116743040618	28.364140091648743	1.1378160167087502E-4
93.0	28.15263331064895	21.762248297448565	21.699134325117928	28.385769999290765	2.1406749379325365E-4
94.0	28.177881317106397	21.74844680302515	21.696634146437745	28.376993870864283	4.386256642319914E-5
95.0	28.178052330648875	21.738732083945784	21.69713057308696	28.385915402534582	1.6960978379589587E-4
96.0	28.159230067779	21.752205060698202	21.702909897766187	28.38555735645482	9.761730179133575E-5
97.0	28.162508421356197	21.744012334647692	21.69226595307037	28.401165934486123	4.735643962416225E-5
98.0	28.170285319015353	21.734290949284592	21.693158556857632	28.40211481401125	1.5036083117441558E-4
99.0	28.17240362168546	21.740058865355	21.701102870773987	28.38638703036133	4.7611824225143745E-5
100.0	28.167794734875322	21.74026961594116	21.712453058166176	28.37924386326438	2.3872775296070162E-4
101.0	28.15367936142418	21.75381083670927	21.692983086076804	28.399402212678865	1.2450311087782562E-4
102.0	28.160266261827715	21.76118167053957	21.670616096292996	28.407873534405027	6.243693469359186E-5
103.0	28.160459292977375	21.75206864277377	21.663250780338114	28.42293811833645	0.001283165574289666
104.0	28.163928196307996	21.741656772660534	21.663803803622535	28.430045732879783	5.654945291545941E-4
105.0	28.169183771257693	21.740991406782946	21.66712897693641	28.422367739960286	3.281050626675821E-4
106.0	28.176332063258908	21.723395019998723	21.67365055990732	28.426547767710463	7.45891245910631E-5
107.0	28.19728989047765	21.71679322631065	21.663326783055535	28.422521776590987	6.832356517828986E-5
108.0	28.170430653481667	21.72584840666685	21.67691498118065	28.426598662061984	2.0729660885109838E-4
109.0	28.18129597884052	21.724629311081898	21.669496469761945	28.424470136705203	1.081036104312777E-4
110.0	28.170972753167327	21.732881002894104	21.66205629978732	28.43404227620681	4.76679444415314E-5
111.0	28.166770713866285	21.7318154341467	21.670149240041937	28.43119037892558	7.423301949372289E-5
112.0	28.180307836267225	21.727078707696272	21.64844501609974	28.444022748407782	1.456915289812735E-4
113.0	28.177004313590043	21.72652904568928	21.631998218187785	28.463908449095243	5.599734376516768E-4
114.0	28.177051968437123	21.732847285639977	21.619377450944093	28.47055318028748	1.7011469132489123E-4
115.0	28.196923358770714	21.70287773326037	21.63187061994393	28.468279742447972	4.854557702335831E-5
116.0	28.20834753512874	21.689003794948274	21.631801710554058	28.470764617943097	8.234142583185971E-5
117.0	28.204558637396026	21.692058979045818	21.635456466055533	28.467871928399653	5.39891029744284E-5
118.0	28.219384478062153	21.67810589400503	21.631392409952454	28.470695399030987	4.2181894937774506E-4
119.0	28.228865193563813	21.679612889394782	21.625156744745542	28.466256280423796	1.0889187207246754E-4
120.0	28.209421363975967	21.6822048262953	21.634855800897355	28.473379576380292	1.384324510822444E-4
121.0	28.210960919669038	21.688047987103023	21.614366769657632	28.486512742583077	1.115809872314958E-4
122.0	28.219779537660163	21.691314790771134	21.593558554597447	28.495193658905826	1.534580654283118E-4
123.0	28.22575977105831	21.68530134105987	21.586593897624915	28.50225665757371	8.833268319323828E-5
124.0	28.228721906185623	21.666507803825965	21.59320871536917	28.511531989061904	2.958555733333816E-5
125.0	28.262018153058843	21.64239769202524	21.57986057585945	28.515433286243525	2.90292812939281E-4
126.0	28.265071880534933	21.631317527079105	21.585561461474427	28.518022770693996	2.6360217539276853E-5
127.0	28.271542448188864	21.6313285314173	21.579212286408293	28.517637716409254	2.790175762883941E-4
128.0	28.280319326198157	21.625488033962657	21.563421080369935	28.5307396183318	3.1941137452296796E-5
129.0	28.28994206308116	21.61079474767042	21.555413436662324	28.542877869069244	9.718835168537708E-4
130.0	28.312912739206407	21.60305494602899	21.547414083049336	28.53660030329156	1.7928423708604883E-5
131.0	28.33621206314245	21.59096028185684	21.547954641695167	28.524644077718474	2.2893558706177922E-4
132.0	28.331394240372816	21.59161569444948	21.54798179817291	28.52894482983732	6.343716747029777E-5
133.0	28.355026252167875	21.547409658387338	21.54394273829161	28.553533857901552	8.749325162727423E-5
134.0	28.375021303295274	21.541058013309684	21.49081010308595	28.593083080358227	2.7499950866754454E-5
135.0	28.37151781937457	21.52865957562434	21.469784845843343	28.629755620727686	2.8213843005896194E-4
136.0	28.379970728513342	21.50465518147164	21.437744739101774	28.677616365438276	1.2985474967120776E-5
137.0	28.37213918958578	21.50081051050564	21.413100298834635	28.713651425824644	2.9857524929493786E-4
138.0	28.367231962875405	21.485837982296378	21.415947010372747	28.73095112905516	3.191540030895234E-5
139.0	28.368007182130235	21.494248935054785	21.4466764646248	28.690944638337967	1.2277985221159193E-4
140.0	28.33261680189522	21.51568173580088	21.44628111819811	28.705412740641794	7.603463993729727E-6
141.0	28.34203375571368	21.54862753322334	21.445252786648773	28.66407826971889	7.654695316430656E-6
142.0	28.491978141849085	21.499121259790634	21.49754325566528	28.511158887963727	1.9845473127158136E-4
143.0	28.41232931763209	21.465877531205166	21.529919364628043	28.591652658323824	2.2112821087375863E-4
144.0	28.062376746431617	21.839116114618562	21.307141622046846	28.791260034234206	1.0548266876777724E-4
145.0	28.18239622159519	21.686311231096447	21.445364262645537	28.68588303308056	4.5251582270760597E-5
146.0	28.124074860548	21.730789158183565	21.279393932704235	28.86565089083789	9.115772630990532E-5
147.0	28.29420354093422	21.59447388552158	21.206102535449123	28.905210088274412	9.949820666422272E-6
148.0	28.595995772271316	21.25242028899309	20.956710413436916	29.194871532778794	1.9925198811143088E-6
149.0	28.45401887436027	21.808458623018726	20.125248516437388	29.6120187984818	2.551877018188324E-4
150.0	27.29478606337064	21.315605416206317	21.474515632457727	29.915092887965315	0.0
