# Position (bp)	A	C	G	T	N
0.0	27.753953062721955	25.334435337320176	23.93098870113261	22.9805947397384	2.8159086856230334E-5
1.0	28.461060398222653	20.954929151286926	21.523524191268773	29.026242556877524	0.034243702344124584
2.0	27.57600115015227	22.25833781550905	23.020971491199813	27.144508198619512	1.8134451935412335E-4
3.0	27.309974372077146	21.94903727911674	23.30908963609539	27.430462599281057	0.001436113429667747
4.0	27.69357772777525	22.098438130341158	23.205441669194975	27.00251769269218	2.4779996433482696E-5
5.0	27.696248335572694	22.276374273822206	22.98678185430245	27.040530207221142	6.532908150645437E-5
6.0	27.86016688561671	21.95940094944331	23.26967479904099	26.91072244863129	3.491726770172561E-5
7.0	27.10793855570106	22.542579017326265	22.94003551739416	27.409413118674287	3.37909042274764E-5
8.0	27.0987688306572	22.223972465909707	22.937264663247507	27.739921952923236	7.208726235194966E-5
9.0	27.3160387130225	22.2120577930791	23.053324029270673	27.418550179177398	2.928545033047955E-5
10.0	27.441523488598186	22.15963683698754	22.924936615021853	27.473869268488198	3.37909042274764E-5
11.0	27.590287944459646	22.061710796536318	22.891573728914587	27.456370085552262	5.7444537186709883E-5
12.0	27.5945985374756	22.16649639054572	22.940275432814175	27.298556425538678	7.321362582619888E-5
13.0	27.61068075516093	22.071338951514196	22.903054751807613	27.4149018878843	2.3653632959233484E-5
14.0	27.56864036484805	22.160049086019118	23.028149805621204	27.242855499010105	3.0524450152153684E-4
15.0	27.444786563583083	22.162297307513718	23.16239768902654	27.230475638064632	4.280181202147011E-5
16.0	27.483204568962776	22.33333785380541	23.12232055024928	27.061112246986095	2.4779996433482696E-5
17.0	27.241949902776813	22.34836466891537	23.339776282587835	27.069892250267873	1.68954521137382E-5
18.0	27.273406981885646	22.399486927921117	23.267685641145462	27.059401300868714	1.9148179062236627E-5
19.0	27.380302254682316	22.416193150971182	23.253067695976657	26.950390717467403	4.618090244421775E-5
20.0	27.37026297703633	22.40720927590057	23.227731275986898	26.994778449260615	1.8021815587987414E-5
21.0	27.294485747942744	22.40043194687601	23.243500364626385	27.061529001471573	5.293908328971303E-5
22.0	27.277630844914075	22.587076006376478	23.088574700560777	27.046624959980303	9.348816836268471E-5
23.0	27.45425477494762	22.432194270486367	22.997616344561255	27.115808457295643	1.2615270911591189E-4
24.0	27.484694747839207	22.267701275070486	23.127986158524756	27.11959641765954	2.1400906010735055E-5
25.0	27.43365583973055	22.29751611623386	23.087405535274506	27.181335778773562	8.672998751718943E-5
26.0	27.42553363271774	22.306279224063523	23.260083814057754	27.008069538256755	3.37909042274764E-5
27.0	27.331002451777902	22.35371151632763	23.331815145551843	26.983419073622812	5.181271981546382E-5
28.0	27.38526613851333	22.439712746676978	23.26671809492108	26.908279366255645	2.3653632959233484E-5
29.0	27.368482196383543	22.53386772221642	23.158274072347318	26.939264499068766	1.1150998395067213E-4
30.0	27.26045605465873	22.568452712693244	23.19719218310958	26.973881027722868	1.8021815587987414E-5
31.0	27.246827056620308	22.769778920080547	23.035464410022975	26.947877800556352	5.181271981546382E-5
32.0	27.50417182503592	22.685240835884247	22.930602223297324	26.879926544881844	5.85709006609591E-5
33.0	27.47085624619458	22.500129757072234	23.05856950397025	26.97036790004669	7.65927162489465E-5
34.0	27.43566977762251	22.51860211804992	23.13391646221668	26.911785735750982	2.590635990773191E-5
35.0	27.564060570961757	22.465579683863112	23.075202513394487	26.895139209965052	1.8021815587987414E-5
36.0	27.434808109564706	22.54041865218265	23.220171124347736	26.804539037550345	6.307635455795594E-5
37.0	27.38068521826356	22.64994511005517	23.039468632173932	26.92987851223785	2.2527269484984268E-5
38.0	27.304273846533967	22.76003024421092	23.09607402857233	26.839526139787473	9.574089531118313E-5
39.0	27.301665188727608	22.768027424878092	23.127333994073165	26.802834849613806	1.3854270733265324E-4
40.0	27.27480446416578	22.797932947209556	23.138644473015546	26.78849846314309	1.1965246602603684E-4
41.0	27.3215984717739	22.75400406069684	23.12324398969907	26.80104826612064	1.0521170954739585E-4
42.0	27.382558680675967	22.71290385079777	23.061520876343327	26.84281362637167	2.029658112708457E-4
43.0	27.579770206903078	22.4623892794212	22.96447513601857	26.993291500384554	7.387727259703174E-5
44.0	27.411286987256773	22.58602298176111	23.016170497865783	26.986398786436634	1.2074667969698005E-4
45.0	27.500868192530447	22.45282287904423	22.983750120537906	27.062453793802742	1.0501408467166934E-4
46.0	27.367894571192274	22.508575527634736	23.067384302460013	27.056078105723923	6.749298905136739E-5
47.0	27.350283854395723	22.42160584260277	23.088180087790928	27.139859133524336	7.108168624837188E-5
48.0	27.236295728652266	22.583143878787233	23.18966035695287	26.990794344297143	1.0569131049125838E-4
49.0	27.272764114780728	22.751403696628024	23.111905492303954	26.863854163494555	7.253279273760232E-5
50.0	27.324871492541497	22.57334231752137	23.265598923374036	26.836006152346126	1.8111421696998683E-4
51.0	27.4861803878074	22.719121450101873	22.92801410369293	26.86662048367946	6.357471833192146E-5
52.0	27.51479875182266	22.560168140791646	22.940449371914564	26.984443599614394	1.4013585673306811E-4
53.0	27.292957700543568	22.605095489283233	23.091865640031596	27.010008049638838	7.312050276264928E-5
54.0	27.196404742290465	22.577712832463572	23.144302853253464	27.081513274361708	6.62976307913554E-5
55.0	27.286924829303732	22.559300184031127	23.025616646350798	27.128083744599518	7.459571482818165E-5
56.0	27.26632242302044	22.700070433489575	23.105910725788497	26.927591291346793	1.051263546947088E-4
57.0	27.347143643996947	22.528385169649077	23.03268096571703	27.091634538742348	1.5568189459949457E-4
58.0	27.38727942400828	22.585274789029974	23.02337759896226	27.00385003384146	2.1815415802587567E-4
59.0	27.317932433823415	22.563780695928703	23.149473844509526	26.968738998769975	7.402696837708914E-5
60.0	27.195620264492494	22.818832076416555	23.109638576126912	26.875829043937955	8.003902608748465E-5
61.0	27.262684389849966	22.773830424478366	22.958266696828147	27.005097053786265	1.2143505725645265E-4
62.0	27.24024379755381	22.65437331739857	23.060603770708827	27.044692907705915	8.620663288240533E-5
63.0	27.175691847484178	22.786045410970846	22.92489222366419	27.113312561055004	5.7956825784135454E-5
64.0	27.19350120209219	22.638521721645883	22.981064952640672	27.186846967325696	6.515629555942905E-5
65.0	27.2984571709012	22.59359159725052	23.005518904768536	27.102369445746728	6.288133301781933E-5
66.0	27.24641278001355	22.507634534683294	23.05324535045988	27.192647915648323	5.941919495737338E-5
67.0	27.29081781719745	22.5818732841785	23.056019592967854	27.07123693891702	5.236673917516126E-5
68.0	27.2494488125608	22.673390428742874	22.98048040316732	27.09663506290145	4.52926275616795E-5
69.0	27.269638026058864	22.664246300661567	22.974516090327548	27.09145395897405	1.4562397797630703E-4
70.0	27.204714774805783	22.75711288431322	22.948309297497435	27.089809250901194	5.379248237387707E-5
71.0	27.2875788237902	22.740517566906437	22.94129021585484	27.03047093017813	1.4246327039497595E-4
72.0	27.334380274820465	22.72812829984471	22.92539625834406	27.01199204918556	1.0311780520993838E-4
73.0	27.253572187137664	22.768450302313852	22.909426669398698	27.068477562990417	7.327815936411568E-5
74.0	27.32591970249598	22.694569965924437	22.87717083933686	27.10227451443589	6.497780683007718E-5
75.0	27.433153755598255	22.59935803305155	22.876186466332896	27.091243887352817	5.7857664480149186E-5
76.0	27.326180645528332	22.664782166461116	22.951051547154513	27.057924064825507	6.157603053282488E-5
77.0	27.452046655968303	22.646385271885844	22.869653401995574	27.031851785554288	6.288459599132226E-5
78.0	27.261367597434173	22.65369454138703	23.073674498067316	27.011105900303416	1.5746280807204743E-4
79.0	27.324616571917627	22.71055688833149	22.99370973380049	26.971031883996222	8.492195417645322E-5
80.0	27.244478333891355	22.765271201125216	22.989800938871838	27.000386335806116	6.319030547943554E-5
81.0	27.31201338489203	22.761606564391208	22.88337548572119	27.042910836668348	9.372832722628361E-5
82.0	27.213901415551444	22.744011103423766	22.96225201435728	27.07978304095861	5.242570889952134E-5
83.0	27.305242845966305	22.703371391691128	22.817057101630162	27.17427492477182	5.373594058651534E-5
84.0	27.274708822600697	22.690438897972147	22.80287756273129	27.23193801720893	3.6699486936279366E-5
85.0	27.355483852222147	22.60988892045267	22.765809173898507	27.268760456778672	5.7596648002534155E-5
86.0	27.327299458282905	22.59101099777985	22.86060146906638	27.221035289573635	5.278529722750259E-5
87.0	27.293060192186786	22.655390456028915	22.877418366359457	27.17407934016043	5.1645264418220397E-5
88.0	27.390540102401754	22.567805619313276	22.88202153951266	27.159577309771425	5.5429000881912355E-5
89.0	27.228271946314603	22.604005601713475	23.014850404099185	27.152728917869805	1.4313000293342474E-4
90.0	27.20387268329811	22.76117094177821	22.967653468695584	27.067252228692933	5.06775351603829E-5
91.0	27.27404487449956	22.78604266299982	22.780590684645524	27.15926234225187	5.943560322648648E-5
92.0	27.292685301941948	22.735756990088987	22.74335756245786	27.228076095040027	1.2405047117470213E-4
93.0	27.259193370429685	22.77241236105117	22.701798761457002	27.266422757399294	1.7274966284609868E-4
94.0	27.287261139572866	22.695664048794526	22.7868189502031	27.230186130202423	6.973122708667677E-5
95.0	27.37207728001924	22.627368142210756	22.716089356614553	27.28441406775034	5.115340510688398E-5
96.0	27.346634722704348	22.632926003352964	22.733907929799503	27.286480091262128	5.125288105257617E-5
97.0	27.37292654945584	22.52140499280488	22.818694054449235	27.28680405716375	1.7034612629401681E-4
98.0	27.323574851587612	22.54453168536234	22.840821168950708	27.291005775369488	6.651872984819786E-5
99.0	27.264802140034377	22.61793804526631	22.813335856607594	27.303857304614894	6.665347682393216E-5
100.0	27.296158721261403	22.770559544409217	22.729670813837586	27.203445843331263	1.6507716053019205E-4
101.0	27.23524948834408	22.71793706030467	22.82207905821115	27.22467883121036	5.55619297436067E-5
102.0	27.311418006398313	22.728646128614237	22.65407082692152	27.305751144002592	1.1389406333522314E-4
103.0	27.411946569241096	22.58156255249742	22.65773715605733	27.348686505215518	6.721698863984698E-5
104.0	27.28551169168596	22.620264534825008	22.75061626625127	27.34352488546748	8.262177028481084E-5
105.0	27.33626183735706	22.528714516593002	22.677823111086877	27.457133014859263	6.752010379241313E-5
106.0	27.345988419313787	22.412423585646682	22.78922837997753	27.45231109213439	4.852292760683108E-5
107.0	27.35223714127037	22.490878526150258	22.761665761017465	27.395140490998234	7.80805636792053E-5
108.0	27.276429042469275	22.497144389051698	22.88310996588973	27.343224212911803	9.238967748611383E-5
109.0	27.278182717395726	22.599846528748895	22.79440202888649	27.327431069899326	1.3765506956154506E-4
110.0	27.225037235525225	22.616739998325738	22.794166453729467	27.363977629920605	7.868249896132652E-5
111.0	27.270678287477224	22.617303326749784	22.767537239298655	27.34431429750901	1.668489653288238E-4
112.0	27.31780074887153	22.551604476584917	22.738776960084458	27.391715344457324	1.0247000177727084E-4
113.0	27.316880485570337	22.558220765006904	22.647875083375656	27.476812913677147	2.1075236995918547E-4
114.0	27.289187989161302	22.583140609327913	22.6004606791412	27.52712719554659	8.352682300129807E-5
115.0	27.28980623442448	22.484531512142393	22.673874340024714	27.55170411949222	8.379391619508585E-5
116.0	27.405404930350173	22.520022032521815	22.630305500181375	27.44417163827911	9.589866753005244E-5
117.0	27.531403907760566	22.446485325592214	22.617746524038225	27.404229750498676	1.344921103236144E-4
118.0	27.418226172522942	22.467388868800604	22.751567413494563	27.36271031548856	1.0722969333710958E-4
119.0	27.40860348247562	22.47518389875806	22.734114573515722	27.381969055314276	1.2898993632484931E-4
120.0	27.449333595999125	22.483752898471796	22.737465716181344	27.329330209705432	1.1757964230348782E-4
121.0	27.415800557417846	22.535524361553716	22.673882302329858	27.3745402909014	2.524877971841809E-4
122.0	27.36652595679573	22.58467891408948	22.647181829652283	27.401405370468375	2.0792899413876517E-4
123.0	27.447475298728445	22.543982134343576	22.63833737286804	27.370077551190562	1.2764286937368225E-4
124.0	27.36465688007204	22.528265415777096	22.71280838233998	27.394117694306825	1.5162750405992888E-4
125.0	27.527364371907826	22.483905440652144	22.56773437685302	27.420841900209403	1.5391037760234622E-4
126.0	27.508157459487588	22.443175156014387	22.558611033924944	27.489883511323654	1.7283924943187047E-4
127.0	27.53198236689996	22.49482775681647	22.572538018366625	27.40047515514503	1.7670277191272988E-4
128.0	27.595976443541687	22.414204722406026	22.61104433111938	27.378536478012176	2.3802492073315092E-4
129.0	27.535848738704267	22.475364451220116	22.6097381220583	27.378864079762945	1.846082543790135E-4
130.0	27.563005536452707	22.41301762167742	22.611015033066398	27.4128057880631	1.5602074037599894E-4
131.0	27.477320991088604	22.512361249626007	22.598026066720806	27.412140338774904	1.5135378968328592E-4
132.0	27.542777264900746	22.53357782372443	22.5623507856334	27.3610928659529	2.0125978852138948E-4
133.0	27.615401424092283	22.56143069038518	22.54985144504248	27.27315431077904	1.6212970101039375E-4
134.0	27.568113274687324	22.523688340022403	22.516763988706366	27.39126814215046	1.662544334515587E-4
135.0	27.754254946066986	22.4046954483596	22.406440195111447	27.43443170477428	1.7770568768789348E-4
136.0	27.687966642868773	22.377133687903093	22.396835074613104	27.5377304472682	3.3414734682644964E-4
137.0	27.84781527722654	22.229929506792782	22.285532071576032	27.636531185649176	1.9195875547394942E-4
138.0	27.76455175445599	22.220323386019896	22.395209396051392	27.619725213667383	1.9024980533475136E-4
139.0	27.801896864041186	22.195155334220313	22.353479963281053	27.64928685293244	1.8098552500394208E-4
140.0	27.842889781950607	22.28560605348507	22.319498152152487	27.551802529226144	2.034831856908437E-4
141.0	27.78814813895119	22.408923551719173	22.345501589616326	27.457201949270445	2.2477044286413323E-4
142.0	27.970659885389544	22.291064634359444	22.353574585616894	27.3845130152014	1.8787943271684086E-4
143.0	27.718233118354018	22.33730928627083	22.571222426443065	27.37303036712725	2.0480180483762656E-4
144.0	27.307764547021257	22.699262959833316	22.067836271205334	27.924903300458315	2.329214817776849E-4
145.0	27.448407498115053	22.37418691039787	22.254882293886748	27.922422500311093	1.0079728923330132E-4
146.0	27.498692787516145	22.44300594052408	22.138234967786698	27.920040903681542	2.540049153443687E-5
147.0	28.046674179231452	22.600234355901218	21.82543709679347	27.525819648572718	0.0018347195011426392
148.0	27.823215725687927	22.251363135767615	21.90688981559884	28.018484870337474	4.645260813614548E-5
149.0	29.596059322997263	20.82957674872863	20.542575136126306	28.992925737252406	0.0388630548953953
150.0	23.848720298086842	23.0799785317601	24.903097381975687	28.168203788177372	0.0
