# Position (bp)	A	C	G	T	N
0.0	27.914449037330304	22.787344517471837	24.615061142915245	24.682369744280127	7.755580024842282E-4
1.0	27.222100954274165	22.017628576137202	22.854757002372843	27.901288341410847	0.004225125804944752
2.0	27.232655045741506	22.000464002554615	22.967895689256714	27.798859174796455	1.2608765071062605E-4
3.0	26.47941535043715	22.943939035621696	23.401261323761414	27.174700720651984	6.835695277519475E-4
4.0	27.60108554013023	23.08870113970707	22.473837486531025	26.83631477231655	6.106131512401387E-5
5.0	27.356294692818523	22.84398959280461	22.58758202854158	27.212058350446494	7.533538878936775E-5
6.0	27.71651600884149	22.128573813701166	23.017040531882436	27.137723732821883	1.4591275302361755E-4
7.0	27.155108761542195	22.76363052308913	22.455257400643287	27.62590339620973	9.991851565747722E-5
8.0	27.681073483930412	22.434998525091686	22.675235149900058	27.208611954660405	8.088641743700538E-5
9.0	27.499744375130774	22.48996322475241	22.60017493353079	27.40957980981129	5.376567747283298E-4
10.0	27.38609975163588	22.53291708442783	22.6775840280221	27.402636265977186	7.628699370039135E-4
11.0	27.49898388420605	22.4736067223401	22.609844825434976	27.417256089426882	3.08478591990148E-4
12.0	27.516648050366925	22.48885222601879	22.584152285841434	27.41027606740452	7.137036832676945E-5
13.0	27.526340939389794	22.50198833881138	22.587905574211327	27.383541520433408	2.2362715409054428E-4
14.0	27.548383281145473	22.44425526186367	22.562132148200348	27.445154766405818	7.45423846968481E-5
15.0	27.460337622761198	22.496769578878506	22.674816443739207	27.36800736326504	6.899135604921048E-5
16.0	27.424285277702975	22.557570788660176	22.695547949729946	27.322521441522206	7.45423846968481E-5
17.0	27.350868165813413	22.610533152987287	22.70903457033143	27.32924849523905	3.156156288228249E-4
18.0	27.33350930622816	22.64256100227597	22.748909195115598	27.274907096795047	1.1339958523031147E-4
19.0	27.325417492468084	22.66402603705229	22.7136173409821	27.29669091921656	2.4821028095865376E-4
20.0	27.313649311735094	22.678120098788643	22.66644549253857	27.34172641463485	5.868230284645488E-5
21.0	27.278054530038258	22.68861154293268	22.678566560092733	27.354525500688116	2.418662482184965E-4
22.0	27.28844129764208	22.713998775950603	22.65090816335383	27.34622750586399	4.2425718949801845E-4
23.0	27.337695574832573	22.67089900352216	22.648464124740684	27.34240284712576	5.384497788208495E-4
24.0	27.354191645965166	22.638700658353585	22.67631522147407	27.330635459396866	1.570148103188928E-4
25.0	27.36106619844322	22.611724245134248	22.698737412190063	27.328166044652757	3.0609957971258897E-4
26.0	27.360600705040905	22.631638956909697	22.7346819086917	27.27288493635912	1.9349299857479717E-4
27.0	27.309007065777486	22.654645591641874	22.798482259951278	27.237682691688082	1.8239094127952193E-4
28.0	27.292649770361084	22.699692982121547	22.784868758694994	27.222393572784302	3.9491603807479097E-4
29.0	27.264091313977172	22.756717906414636	22.73363117826911	27.245376417393707	1.831839453720416E-4
30.0	27.26616501967911	22.774436789857898	22.696808033232962	27.26247517163662	1.1498559341535078E-4
31.0	27.286839429375192	22.743763391559234	22.713471428229077	27.255633132326356	2.9261851013975474E-4
32.0	27.307222806569314	22.734534409930493	22.67105601833248	27.287136805909885	4.995925782873861E-5
33.0	27.30502063420439	22.717468168855376	22.695869116387417	27.281562780143563	7.930040925196606E-5
34.0	27.355292335645583	22.69397225059811	22.70781413703304	27.24282056520352	1.0071151974999688E-4
35.0	27.351777741507533	22.677424634199504	22.724961264525597	27.2456523828179	1.8397694946456126E-4
36.0	27.320075023896784	22.712028953784785	22.7878361800092	27.179898862478453	1.609798307814911E-4
37.0	27.309332990459513	22.728439380475386	22.76939883485812	27.19266464235983	1.6415184715156975E-4
38.0	27.26541642381577	22.76812368427735	22.77709414657193	27.189106432996695	2.5931233825392903E-4
39.0	27.212251050440976	22.821859227594665	22.78959744209869	27.176201877399127	9.04024665472413E-5
40.0	27.233127185794988	22.849613015643875	22.73261259140236	27.18457333623416	7.387092461853412E-5
41.0	27.234488874345043	22.81455641946496	22.6881150955871	27.26274572345431	9.388714858627079E-5
42.0	27.22578766935449	22.803300921447942	22.708268468198696	27.262565632836566	7.730816230576105E-5
43.0	27.24801055666381	22.792804995654677	22.686828976580912	27.272175049698312	1.804214022860717E-4
44.0	27.287587972695764	22.76776905250766	22.66856487466942	27.275973341334243	1.047587929192876E-4
45.0	27.264954583926944	22.76143271074847	22.720223289284338	27.253244430904665	1.4498513557920488E-4
46.0	27.305302829474204	22.73685962611163	22.735623943441166	27.22211811640301	9.548456999037435E-5
47.0	27.302363939520628	22.70367753530654	22.75858651592491	27.23519759295876	1.7441628916323865E-4
48.0	27.23515177057159	22.749454734203074	22.814426411105824	27.20078673248342	1.8035163609368275E-4
49.0	27.230417245984317	22.800546550119336	22.780418872813616	27.188519737456048	9.759362668773053E-5
50.0	27.225476971447254	22.80891181451278	22.726819561394088	27.238509668075316	2.819845705637988E-4
51.0	27.207917210961778	22.815378240810404	22.715843091899895	27.260614575291402	2.4688103651959E-4
52.0	27.214586294430486	22.799583343078186	22.68906941528062	27.296604434875153	1.5651233555621938E-4
53.0	27.2097928707903	22.78783078988658	22.677663698866642	27.32458508993555	1.275505209333884E-4
54.0	27.215629185786057	22.784530740708636	22.71200956902479	27.287725514567974	1.0498991254478645E-4
55.0	27.249217257102167	22.773378845801435	22.71169737156952	27.265598901741665	1.0762378520875443E-4
56.0	27.26545939962362	22.75294860022831	22.730450932041702	27.251025900693705	1.1516741266017889E-4
57.0	27.246450370983094	22.74753776062149	22.773648106154262	27.23229257229282	7.118994833279032E-5
58.0	27.269103422307666	22.743414534237825	22.755438986537058	27.231876642694875	1.6641422257595673E-4
59.0	27.210764527187415	22.75822591438816	22.77061774672187	27.26024644092293	1.453707796306365E-4
60.0	27.175797850964873	22.826649186230952	22.76249550663412	27.23492251531595	1.349408541071487E-4
61.0	27.193104414053153	22.827486602443862	22.687059810246435	27.291378933198224	9.702400583284913E-4
62.0	27.195178004977176	22.821386044583424	22.65072744142206	27.33260362098911	1.0488802823076971E-4
63.0	27.198294350343755	22.80131300699363	22.678493223645496	27.321764538608257	1.3488040886472112E-4
64.0	27.260333491744415	22.749659614608277	22.6581774001777	27.331734143357135	9.535011247126158E-5
65.0	27.269409367482133	22.71509998774822	22.684609699847876	27.330433144780674	4.4780014109775353E-4
66.0	27.240603127177177	22.73669108578385	22.75308594028212	27.269561570221292	5.827653556485843E-5
67.0	27.275554140197954	22.712284785611033	22.749165952369367	27.262876656257045	1.1846556459653598E-4
68.0	27.244748717487216	22.728334662401544	22.744826578795838	27.281911962729172	1.7807858623059252E-4
69.0	27.16900860560382	22.786464106719638	22.768761778441185	27.275676695963984	8.881327137049234E-5
70.0	27.181352053379165	22.81084494204844	22.73439850405327	27.273009858084063	3.946424350613774E-4
71.0	27.175212037918286	22.817334364419253	22.695325092606584	27.312059501950227	6.900310565307017E-5
72.0	27.18470183966728	22.811766961527038	22.68423387674995	27.319223096450834	7.422560489671714E-5
73.0	27.217359408124388	22.77122908555196	22.646295557565725	27.364952788353403	1.6316040452384457E-4
74.0	27.230575915996162	22.753370110254345	22.652242529768053	27.363641152740552	1.7029124089126132E-4
75.0	27.25743588723467	22.71962846180367	22.68952510167225	27.3333239868533	8.656243610185861E-5
76.0	27.296541510035066	22.684117893786635	22.713815637637065	27.30534049522501	1.8446331622233477E-4
77.0	27.297239117309985	22.669012612916188	22.725127342986006	27.308456614630654	1.6431215717130406E-4
78.0	27.254409617020066	22.701464180309543	22.76379700826469	27.28021494739509	1.1424701061399915E-4
79.0	27.240500712116965	22.72834755915142	22.761627412312286	27.26909058032702	4.3373609230129453E-4
80.0	27.231348044859327	22.763887455691545	22.72232922146557	27.282329257717663	1.0602026589352586E-4
81.0	27.217396954573825	22.78784603300627	22.715404871874647	27.279283643932793	6.849661246150137E-5
82.0	27.23127528836108	22.760360529435328	22.65394378093172	27.354092007444713	3.2839382716322486E-4
83.0	27.233573428285958	22.749608705104986	22.63396590814247	27.382800438401407	5.152006517631712E-5
84.0	27.23802477032833	22.744768644219786	22.655192754690315	27.361955354685264	5.8476076302061E-5
85.0	27.288562577316494	22.6982851032529	22.63127639991588	27.38148232315694	3.935963577884942E-4
86.0	27.304082640567707	22.66388696081393	22.66321240055002	27.368692057149506	1.2594091883768538E-4
87.0	27.291289710745737	22.68624640416484	22.707031945563568	27.315347266330647	8.46731952061804E-5
88.0	27.298815964048107	22.674801995357587	22.715728408586518	27.310605166632314	4.846537547463505E-5
89.0	27.255808582304468	22.68544247068524	22.729416942048967	27.32852572251252	8.062824488046408E-4
90.0	27.203812135140414	22.75705735734748	22.732526748429922	27.306423974489142	1.7978459304402467E-4
91.0	27.224336276802447	22.760268820940173	22.678432990548995	27.3369105750649	5.133664348530076E-5
92.0	27.210603218501557	22.764382019345376	22.64070387452208	27.384241147921202	6.973970978377691E-5
93.0	27.21249995032639	22.772904523652347	22.638513716663386	27.37598835746641	9.345189146846678E-5
94.0	27.23902811513024	22.730433504980365	22.625753740552277	27.40471725756904	6.738176807746733E-5
95.0	27.265677341519346	22.69988058784431	22.630243226309474	27.40403487204629	1.6397228058242182E-4
96.0	27.27405383680095	22.694041530427068	22.667871683348594	27.363949480043754	8.346937963588934E-5
97.0	27.316286850828007	22.651022794673345	22.679798160382294	27.352799745263788	9.244885256226178E-5
98.0	27.29001117166853	22.671484970763572	22.68752478897038	27.350876718693122	1.0234990439460137E-4
99.0	27.256850218632696	22.712191800877974	22.702931686575162	27.32790603268946	1.2026122471183885E-4
100.0	27.250378401359377	22.72037779756207	22.676752489338963	27.35202248922969	4.6882250990396414E-4
101.0	27.223628593483028	22.742942459243622	22.64390323468114	27.389354270704906	1.714418872983849E-4
102.0	27.224271378991087	22.773041897246703	22.606797135990757	27.395779180564656	1.1040720679837006E-4
103.0	27.26177951125471	22.731521215258564	22.57163295906892	27.43501990325057	4.6411167240856106E-5
104.0	27.270070670523495	22.69854274575151	22.57377305622328	27.457568789865093	4.4737636622143445E-5
105.0	27.276430204254094	22.69047994718398	22.60201130482887	27.43097628029053	1.0226344252279177E-4
106.0	27.31701629653297	22.64890324494732	22.590534338039564	27.44344628460942	9.983587072794551E-5
107.0	27.32549634756274	22.633532012568075	22.61800914518026	27.42275957549521	2.0291919371708786E-4
108.0	27.30571123619585	22.655515517763558	22.648735264321537	27.389979196008273	5.878571078182753E-5
109.0	27.312288722818167	22.66008632011128	22.649209574311723	27.37833556674562	7.981601320555939E-5
110.0	27.269764087565164	22.694232728926508	22.650397585127234	27.385541920209267	6.367817182952455E-5
111.0	27.244617790294335	22.742206747838413	22.63930957970181	27.37356294554438	3.0293662106920004E-4
112.0	27.25510789757256	22.733964982727773	22.5964322890108	27.414360278285127	1.345524037402493E-4
113.0	27.256592527939265	22.72079130674623	22.558315239804216	27.46416410549235	1.3682001794031824E-4
114.0	27.25370098259138	22.72126419369013	22.55696904584665	27.467864006728433	2.0177114341154892E-4
115.0	27.307927447189524	22.659201488341672	22.541148368394552	27.491486948540413	2.357475338427372E-4
116.0	27.325926733160156	22.633758596985288	22.546565238929432	27.493683558797542	6.587212757861314E-5
117.0	27.35077052116442	22.63134823411919	22.57771893271889	27.440062679472977	9.963252452177574E-5
118.0	27.35622903460034	22.62048531944422	22.580181730101252	27.44293100726859	1.729085856047789E-4
119.0	27.33892263095449	22.639724418394806	22.594226251466527	27.426983145205377	1.4355397880118692E-4
120.0	27.33749245180701	22.637206700502492	22.60213707663542	27.42307333686868	9.043418639838561E-5
121.0	27.311231597619727	22.67327910415677	22.588380968912382	27.42680657437916	3.017549319549723E-4
122.0	27.310308368172493	22.691108571565806	22.548910142488847	27.44921026296055	4.6265481230403014E-4
123.0	27.31260446716655	22.699744152031087	22.523393788939888	27.464178388169152	7.920369331974961E-5
124.0	27.358372888370468	22.64880069193868	22.486478843719134	27.506153915668012	1.936603037017314E-4
125.0	27.407716328468002	22.604836782868475	22.476197013968257	27.511089962448942	1.5991224632450854E-4
126.0	27.40719142559655	22.59981937754621	22.482455347747987	27.510368296759964	1.6555234929384807E-4
127.0	27.423479460804522	22.570818252327854	22.510622850980138	27.494703792448476	3.756434390141271E-4
128.0	27.42855541032987	22.554091704307147	22.550108529527034	27.467020296139406	2.2405969654783203E-4
129.0	27.435495013290385	22.575305783256187	22.545198138613046	27.443828897477296	1.7216736308692972E-4
130.0	27.42731347999551	22.582651056229462	22.521525075410825	27.468327334970468	1.830533937362038E-4
131.0	27.405536675246704	22.588448953666152	22.51932822784478	27.48661248772553	7.365551683055932E-5
132.0	27.378117905259508	22.632422587367365	22.5062891939831	27.482953995441576	2.1631794844698636E-4
133.0	27.431933109731393	22.587305289127098	22.48167172016239	27.499017319376257	7.256160286081376E-5
134.0	27.436809666586274	22.560705382126578	22.42283419912079	27.57956453957068	8.621259567645659E-5
135.0	27.463322414722985	22.535578416874234	22.38212878992423	27.61889482022327	7.555825527697578E-5
136.0	27.534427349857328	22.45978794029801	22.327069067359115	27.67856350795742	1.5213452812253524E-4
137.0	27.492344862390215	22.467747759534717	22.371690370831868	27.668104182431303	1.12824811894385E-4
138.0	27.523300002997253	22.448184380656503	22.38124500729115	27.64717782448861	9.278456648626672E-5
139.0	27.533224714659614	22.492902752341063	22.36149659172886	27.611493682375116	8.82258895343803E-4
140.0	27.53953553129437	22.522523409330557	22.406450793595955	27.530972684561263	5.175812178603497E-4
141.0	27.522470527954734	22.436982129656705	22.37449556159072	27.66600590069356	4.5880104276301E-5
142.0	27.362502919373107	22.533368963070195	22.304376289955712	27.799661458688295	9.036891268952634E-5
143.0	27.756885179743378	22.286406980113036	22.616059332410448	27.340483579019065	1.6492871406633273E-4
144.0	27.296803614386256	22.819664719522702	21.996571772201623	27.886927059393795	3.283449562340252E-5
145.0	27.34391330441249	22.45073041353996	22.65628874727556	27.549018954038253	4.858073373778708E-5
146.0	27.08718287792712	22.291358844285046	22.774557872688376	27.846873654089826	2.6751009627688365E-5
147.0	27.4520447419468	23.138102291015763	22.584011168370097	26.825341536231463	5.002624358791987E-4
148.0	28.060241129170876	22.70959157311197	21.514915905709923	27.715197318380714	5.407362651467832E-5
149.0	28.125644284905952	22.69444723715571	21.436444118745985	27.741104364036456	0.00235999515589478
150.0	25.250710185001328	24.292609732518606	21.948892862270792	28.50687434395055	9.128762587231113E-4
