# Position (bp)	A	C	G	T	N
0.0	28.647846191379344	23.94297289342443	22.048435911398553	25.360745003797675	0.0
1.0	29.121143825226408	20.258481083227416	21.349117024532667	29.24658370446392	0.024674362549588547
2.0	27.818107697442628	21.260067403543623	22.203029390042044	28.718795508971702	0.0
3.0	28.064105308086113	21.42992664391888	22.02775052488991	28.4782167361696	7.869354983125034E-7
4.0	28.089809769202994	21.284451386894336	22.348603014003878	28.277044545380985	9.12845178042504E-5
5.0	28.17785762130268	21.603749678399133	22.631220668061335	27.587164162881862	7.869354983125033E-6
6.0	28.206060602626703	21.306896361177206	22.846639539111393	27.640200467726128	2.0302935856462588E-4
7.0	28.075699228782753	21.709804188571212	22.59675761484824	27.6177366069913	2.36080649493751E-6
8.0	27.90496098145588	21.784088538805417	22.363003933623	27.947944972244702	1.5738709966250069E-6
9.0	28.046505495666352	21.755909952481844	22.389607075078953	27.807977476772848	0.0
10.0	27.950531629227658	21.73975888831448	22.26226202500003	28.047447457457835	0.0
11.0	28.110402297322835	21.664773378551278	22.19948818029964	28.02533614382625	0.0
12.0	28.137802604438576	21.611378231119776	22.186661131677145	28.064157245829	7.869354983125034E-7
13.0	28.354334202283248	21.424066335262946	22.217568023373367	28.004031439080435	0.0
14.0	28.3299218892546	21.50249232702477	22.318161988122657	27.849423008662477	7.869354983125034E-7
15.0	28.431764720639706	21.417393909172755	22.32676083231272	27.824080537874817	0.0
16.0	28.24305758814437	21.557320483998698	22.396769761984594	27.802851378936843	7.869354983125034E-7
17.0	28.041466747670658	21.688117033173217	22.4773480223343	27.793066622950825	1.5738709966250069E-6
18.0	27.9664135614546	21.71742644580787	22.565978993638243	27.75018099909929	0.0
19.0	27.98474994550078	21.895410795203198	22.358098964662016	27.7617395076985	7.869354983125034E-7
20.0	28.160342797916744	21.72148309830167	22.263126080177177	27.855047236668916	7.869354983125034E-7
21.0	27.983369660636743	21.77400946894303	22.307236175664087	27.935384694756138	0.0
22.0	27.9051388288785	21.85685331659238	22.273248431491968	27.96475942303715	0.0
23.0	28.130940526893294	21.70414297459635	22.24913279314618	27.9157719013317	1.1804032474687552E-5
24.0	28.18785799761524	21.60181775175078	22.285434127683338	27.92466978101112	2.2034193952750097E-4
25.0	28.10913297036406	21.637640629504958	22.316310328895128	27.936916071235856	0.0
26.0	28.192411993343974	21.692975572939798	22.493223659077255	27.621388774638973	0.0
27.0	28.054030959836716	21.70215281472112	22.566377183000384	27.677439042441776	0.0
28.0	28.03730779356208	21.815137865826838	22.576590031897485	27.570964308713602	0.0
29.0	27.946094886888172	21.968300695734396	22.48435725681777	27.60124637362416	7.869354983125034E-7
30.0	27.89852070133769	21.99016019000652	22.422079181481315	27.68923992717447	0.0
31.0	27.83586725776854	22.065133895737247	22.361939996829282	27.73705884966493	0.0
32.0	28.000841202570275	22.01259729493441	22.232889657525515	27.7536718449698	0.0
33.0	28.121058977840985	21.77179818019277	22.307474617120075	27.79966743791067	7.869354983125034E-7
34.0	28.18583793419107	21.73104751234816	22.318312292802833	27.764799112915945	3.1477419932500138E-6
35.0	28.28480058165236	21.782301408288752	22.25831554347599	27.674582466582905	0.0
36.0	28.212278966934374	21.777398013198766	22.40037943511535	27.609943584751512	0.0
37.0	28.029229900671897	21.931218721182912	22.36817016516942	27.671380426040272	7.869354983125034E-7
38.0	27.933629828594903	21.968007955729025	22.424825586370428	27.67352875995066	7.869354983125033E-6
39.0	27.891972611056232	22.110704543509026	22.451315409114624	27.54600192777163	5.508548488187524E-6
40.0	27.913875957826335	22.070680577397226	22.468867937335503	27.546569227842827	6.299598113988519E-6
41.0	27.95426080705295	22.00239470663173	22.383557799782277	27.659773290851263	1.3395681774327079E-5
42.0	27.917581994733386	21.97845776380609	22.388069504901217	27.71588285146469	7.88509461640434E-6
43.0	28.188163291279917	21.913281170387442	22.120764653780412	27.777784572259517	6.3122927126908286E-6
44.0	28.246810814611056	21.808109495983526	22.160953304660485	27.78411612015183	1.0264593100949052E-5
45.0	28.30407897972251	21.771980548684862	22.214198979646664	27.709734380698876	7.111247085178834E-6
46.0	28.225131220617122	21.758318908550628	22.32159568571858	27.69494153381851	1.2651295158550973E-5
47.0	28.18875933538599	21.65761043775887	22.344989266045943	27.80863304800664	7.912802561633729E-6
48.0	27.98941278417626	21.732467593306062	22.61229193884097	27.665819765206916	7.918469788020822E-6
49.0	28.04496902041614	21.97087943285509	22.453507446427526	27.530635383869857	8.716431388392416E-6
50.0	27.984431672383963	21.97883887379608	22.531893939033502	27.50482758511315	7.929673313318838E-6
51.0	28.13277154451735	22.013669689487134	22.24535861553349	27.60819380225497	6.348207060802826E-6
52.0	28.084830117954105	21.966174743689084	22.178155622625027	27.770833957181356	5.558550423115667E-6
53.0	27.998933726226582	21.98781453393675	22.17685435934642	27.836388639499145	8.740991107448052E-6
54.0	27.90764990273938	21.868963358804656	22.293737409813804	27.929642966749185	6.361892973620029E-6
55.0	28.01899301395571	21.84884671084074	22.269888140621564	27.862264972199853	7.1623821376301384E-6
56.0	28.03699193658971	21.80490507122742	22.43215795842959	27.725937069749683	7.964003595715766E-6
57.0	28.057271604029406	21.785146876292597	22.40459880561448	27.752976338133063	6.375930454474809E-6
58.0	28.03240074880361	21.832489256768696	22.473154304016838	27.661948512278666	7.178132193535269E-6
59.0	27.972521185288564	21.922433262273312	22.501188907664098	27.603850259341545	6.385432478676985E-6
60.0	27.798422074779594	22.169758925970147	22.402105915324093	27.629706693766902	6.390159256986789E-6
61.0	27.89093684371594	22.08065530575402	22.21105499760822	27.81734725736344	5.595558380051316E-6
62.0	27.814806045890826	22.009819903689802	22.203644381104827	27.971723269721405	6.3995931394665655E-6
63.0	27.914131663929115	21.961164730340585	22.10605965594164	28.018633542510813	1.0407277851030338E-5
64.0	27.9746918237736	21.828272351845698	22.16976217706936	28.027264834401905	8.812909431748727E-6
65.0	28.10989604534328	21.72607921654787	22.213751535131074	27.950265184952745	8.01802503342875E-6
66.0	28.02153604051331	21.69935471687579	22.45614753327836	27.822949672968374	1.2036364167130824E-5
67.0	28.07350167193511	21.80977389048946	22.407255057559734	27.709419591123012	4.978889268587194E-5
68.0	28.006049245874298	21.92093219445018	22.342658617828697	27.73034869066547	1.125118135395077E-5
69.0	27.89525693432096	21.993628446217613	22.299948445480272	27.81115973992047	6.434060681910383E-6
70.0	27.78451856297953	22.103270503420188	22.328589800531194	27.783612279500463	8.85356862319748E-6
71.0	27.89957005083486	22.11380864599622	22.195739319819626	27.790872317533832	9.665815465422345E-6
72.0	27.941079000857215	22.019546736815688	22.193121099363196	27.84624348949023	9.673473669747834E-6
73.0	27.914175576044105	21.92262824081723	22.144770284274095	28.018411377298495	1.4521566070548043E-5
74.0	27.96433318390248	21.864297168380293	22.204269455014888	27.96709454080225	5.651900087260493E-6
75.0	28.140538292993227	21.797090248869985	22.155209660617924	27.90715129230783	1.0505211033164151E-5
76.0	28.19280748276017	21.734240362503705	22.342849595845475	27.730093662927473	8.895963174464938E-6
77.0	28.233211441200375	21.79074480340417	22.26056787893598	27.715470211035658	5.665423815666016E-6
78.0	28.0795480579631	21.869287997222443	22.400009590075697	27.651142205149622	1.214958914341873E-5
79.0	28.03735813147054	21.881324232705733	22.478661441570793	27.602642413595014	1.3780657920872095E-5
80.0	27.9671823421906	21.936928673927586	22.513217455271405	27.58266341579772	8.11281268433071E-6
81.0	27.98345381748622	21.979212336640167	22.359969497660888	27.67735379298347	1.0555229254626572E-5
82.0	28.001160126630065	21.954735852203257	22.21061181899034	27.833479201009386	1.3001166952242717E-5
83.0	27.96734473807479	21.966178565852136	22.146235069092043	27.920183887631094	5.773934993624275E-5
84.0	28.04031394956647	21.946050492453296	22.062721027438396	27.950898253165708	1.6277376125383196E-5
85.0	28.127137973836337	21.85495796524636	22.05798387453457	27.959908783041083	1.1403341651528052E-5
86.0	28.19532059572359	21.78379497858304	22.155083440081526	27.86578794227164	1.3043340207037755E-5
87.0	28.127485617766045	21.84186944434037	22.242533241761862	27.78810516898839	6.527143321315991E-6
88.0	28.162964102275335	21.821740919481407	22.3095438377871	27.70573807550224	1.3064953920887392E-5
89.0	28.070304546626566	21.805414766092337	22.411998141912786	27.712271104145874	1.1441222431853567E-5
90.0	27.863350079697614	22.080939987309463	22.3962289677469	27.659473604050987	7.361195036686437E-6
91.0	27.992676296402074	22.08975466108655	22.19793293729441	27.71963037513189	5.7300850790753785E-6
92.0	27.947961460589827	22.045987550265973	22.10505883665285	27.900985598481988	6.554009362795616E-6
93.0	27.94695576742719	22.09001165300467	22.024647838674998	27.93837982114195	4.919751191455094E-6
94.0	27.943439288241162	22.02819115090785	22.08891864576349	27.93943860529381	1.2309793684164915E-5
95.0	28.095845689349876	21.90387012425467	22.063797250320853	27.93647543720311	1.1498871492538242E-5
96.0	28.10947509121691	21.853402698055888	22.147894499528757	27.889209626061014	1.8085137428548295E-5
97.0	28.146023070469173	21.79543627592617	22.23168101925094	27.82684153349246	1.810086125707947E-5
98.0	28.081262153196178	21.808724488509444	22.275700709315895	27.834298649853572	1.3999124906467316E-5
99.0	27.962628553461528	21.92901576257626	22.236884317183396	27.871459004135513	1.2362643306215875E-5
100.0	27.884826554750013	21.980457622839317	22.26634404049504	27.868356109132197	1.567278342958512E-5
101.0	27.86645566423355	22.07387894444601	22.159338958850313	27.900319001954244	7.430515883710181E-6
102.0	27.932217288901462	22.119395015696735	22.012875582091844	27.935493932688697	1.8180621265876E-5
103.0	28.06201776214472	21.91386052287256	21.910856371419786	28.113253763683982	1.1579878947915722E-5
104.0	27.975258212596728	21.8856076073944	22.05451672132421	28.084604211949976	1.3246734681970698E-5
105.0	28.03910559843062	21.8167354959901	22.024626381934066	28.11952257976582	9.943879396387959E-6
106.0	28.120891751844518	21.694569369747764	22.122909578189027	28.061620176538238	9.123680446244188E-6
107.0	28.172644383319128	21.746695560244152	22.153669416154653	27.926977357303617	1.328297844757049E-5
108.0	28.1141972328314	21.824074063841298	22.188979581163494	27.872733334452874	1.5787710927245584E-5
109.0	28.057420020768927	21.833337514088424	22.249722423367924	27.85950839776187	1.1644012851530254E-5
110.0	27.889203232234937	21.96609462560292	22.300197409841356	27.844498072210165	6.660110620274833E-6
111.0	27.982883898479578	21.974407427723552	22.234179326865302	27.80851351424434	1.583268722775538E-5
112.0	27.989660193249556	21.98887055310801	22.16980299158258	27.851654584694284	1.16773655663099E-5
113.0	28.001912561756814	21.944438676658148	22.045856814867996	28.00778109298167	1.0853735371053687E-5
114.0	27.984621277381738	21.89175126039105	22.0003999194612	28.123213335738722	1.4207027292108926E-5
115.0	27.993569054691093	21.819262952488696	21.99508705036129	28.19207257737158	8.365087344310458E-6
116.0	28.131434312986688	21.749942225571463	21.96616093108934	28.152447458762452	1.5071590052750565E-5
117.0	28.267468427543463	21.73151702299591	22.003411249698225	27.997583184779295	2.0114983110328714E-5
118.0	28.14261922053365	21.771305792094804	22.160215682840803	27.92584420299342	1.510153732559308E-5
119.0	28.125450713585998	21.827870328453145	22.180070847073896	27.866591314759383	1.679612757888373E-5
120.0	28.11581399316666	21.79579085332763	22.237885991974156	27.85049318933971	1.59721918423661E-5
121.0	28.046540275635966	21.942223506275948	22.20222923941465	27.808990990645	1.598802843358099E-5
122.0	27.984493801503834	22.01026583088187	22.083374076071976	27.9218460763494	2.0215192918597705E-5
123.0	28.037445594570485	21.96664327843114	21.990971630135228	28.004916731718072	2.2765145075566496E-5
124.0	27.974204755670783	21.93209563456792	21.972838081640315	28.120778810909187	8.271721178983276E-5
125.0	28.133257231408017	21.8600076637061	21.865669680747917	28.14105105996998	1.4364167991479514E-5
126.0	28.197299936334698	21.755885149700593	21.81882976376082	28.227717851505506	2.672986983864506E-4
127.0	28.222806914620264	21.77123075167982	21.95230837579425	28.053626013435835	2.794446983345367E-5
128.0	28.273325534573978	21.749244311340465	22.070082921348558	27.9073336693824	1.3563354603131708E-5
129.0	28.33802511723392	21.662551537975936	22.098859308103194	27.900547063759507	1.6972927442407018E-5
130.0	28.24673304247458	21.66862380618206	22.090911434881242	27.99371897328567	1.2743176443167919E-5
131.0	28.152350491440455	21.855029597802616	22.05724225683699	27.935357239911777	2.0414008163851063E-5
132.0	28.16829471558952	21.91798636815246	21.93841797810014	27.975286462751793	1.4475406089210701E-5
133.0	28.154597995225473	21.92355209821683	21.915009259841817	28.00682615577072	1.4490945158174164E-5
134.0	28.17374854536596	21.864583713444357	21.785458039173626	28.176191780972488	1.79210435686512E-5
135.0	28.18016081594611	21.809317161260687	21.737178231087817	28.27333268486471	1.1106840673267633E-5
136.0	28.19183370970522	21.788532248174292	21.753412682896652	28.266203396564404	1.7962659428866806E-5
137.0	28.326659409234367	21.667051309036893	21.768555100407074	28.237715339597962	1.8841723705631604E-5
138.0	28.429634332590542	21.594243649015546	21.874189649011377	28.1019160771501	1.629223243551785E-5
139.0	28.36863865431149	21.6434219407489	21.94347330077558	28.044448073160126	1.8031003899067213E-5
140.0	28.43838184094425	21.662770874032443	21.96514882445393	27.933682986234988	1.547433438504647E-5
141.0	28.15103393544457	21.87559030597674	22.007717268237307	27.965643856434557	1.4633906824090317E-5
142.0	28.268275953887784	21.839919853527267	21.948887970966247	27.942896396696216	1.982492248929381E-5
143.0	27.963595302824746	22.071264480097184	21.822723838373545	28.142399979990117	1.6398714406385396E-5
144.0	27.93813275966428	22.337901947145326	21.53891858413499	28.18485399657216	1.9271248325010933E-4
145.0	27.888098062157095	22.103069675573334	21.773382935214407	28.235435482705785	1.3844349381642568E-5
146.0	28.52019936595876	21.73712070914356	21.600779539981577	28.14183106844359	6.931647251729234E-5
147.0	28.816238339030697	21.443468149407366	21.690653068042135	28.049640443519802	0.0
148.0	29.087011779953652	21.597722705607893	21.50623387427698	27.809030772697422	8.674640535040725E-7
149.0	29.632558560479016	20.7168817981122	20.422475280535384	29.20206062679025	0.026023734083149407
150.0	25.530467239746113	21.356735906205	24.2858821948027	28.82691465924619	0.0
