# Position (bp)	A	C	G	T	N
0.0	29.567766866034173	21.83380341689251	20.595938878527427	28.002490838545885	0.0
1.0	29.620502665590404	20.1820849357897	20.903557054572712	29.268619510492368	0.025235833554819908
2.0	28.835571691520904	20.825357543943802	21.32641261685152	29.01265723251302	9.151707544812297E-7
3.0	28.50477407060612	20.96384392802416	21.428672881786497	29.10270271338794	6.4061952813686075E-6
4.0	28.74400336651053	20.805634699013975	21.482728357570686	28.967551211536907	8.236536790331067E-5
5.0	28.81524025803935	21.10709011519858	21.63957855801047	28.43807917153179	1.1897219808255986E-5
6.0	28.76536711260314	20.816735720265832	21.74699397980544	28.67066524292942	2.3794439616511975E-4
7.0	28.801002946611888	21.068176139547287	21.522950112230134	28.607868971269184	1.8303415089624595E-6
8.0	28.70266876421363	21.092732001231525	21.33329287058371	28.871306363971133	0.0
9.0	28.74564884352709	21.094900040748893	21.423562568293477	28.735888547430545	0.0
10.0	28.69863103084486	21.109122709444286	21.33279684803478	28.859449411676074	0.0
11.0	28.802916568659505	21.072811479418736	21.310972771052665	28.813299180869095	0.0
12.0	28.836170213194336	21.026523057827827	21.292398465419716	28.844907348387366	9.151707544812297E-7
13.0	28.89042062034923	20.99636177527239	21.32419698845492	28.789020615923462	0.0
14.0	28.84511234663637	21.046223023488793	21.333074144773388	28.77559048510145	0.0
15.0	28.841958668216428	21.062032598272452	21.355083086247905	28.74092564726321	0.0
16.0	28.752735010679036	21.117489200481753	21.386835850745385	28.742939938093826	0.0
17.0	28.715200197354747	21.196444642153867	21.40147492213407	28.686879323186567	9.151707544812297E-7
18.0	28.685221033779445	21.209394308329777	21.425206214968522	28.6801775277515	9.151707544812297E-7
19.0	28.689481153641555	21.227832253520308	21.39235433039491	28.690332262443224	0.0
20.0	28.711728954682997	21.211631900824482	21.39936087769122	28.677278266801302	0.0
21.0	28.680868481671133	21.204839503484724	21.41401825249499	28.700272847178397	9.151707544812297E-7
22.0	28.645745143284902	21.22390067995906	21.425500899951462	28.704853276804577	0.0
23.0	28.6592036444003	21.230192478896118	21.441302238198336	28.669293401968453	8.236536790331068E-6
24.0	28.663113253863443	21.231436195951456	21.439782139575144	28.665445108945864	2.2330166409342006E-4
25.0	28.655589635090855	21.242567417838213	21.449845357191418	28.651997589879514	0.0
26.0	28.6617670376836	21.264968967566404	21.481657607787945	28.591606386962056	0.0
27.0	28.636318884513738	21.274594733562036	21.510425085284304	28.57866129663992	0.0
28.0	28.64003356260618	21.293030848411064	21.5278545123034	28.539081076679356	0.0
29.0	28.60215647541971	21.339923282699925	21.52075370241938	28.537166539460983	0.0
30.0	28.609731343754554	21.33503718604175	21.515610442779195	28.5396210274245	0.0
31.0	28.57000652681479	21.355278932789364	21.528405445097597	28.54630909529825	0.0
32.0	28.62734105941228	21.357694983581197	21.470121880427705	28.54484207657882	0.0
33.0	28.63567551947334	21.313219515254918	21.504433462354715	28.546671502917025	0.0
34.0	28.64213113397545	21.32754834375783	21.508791505487558	28.521527186437652	1.8303415089624595E-6
35.0	28.652915506146257	21.34341374395752	21.4954748558391	28.50819497888637	9.151707544812297E-7
36.0	28.65291825165852	21.328897305449935	21.520854371202372	28.49733007168917	0.0
37.0	28.605553589260346	21.354149612078334	21.53862790242515	28.501668896236165	0.0
38.0	28.57799871301367	21.375241552456863	21.54605085241475	28.500700645577925	8.236536790331068E-6
39.0	28.572687977125415	21.406947643245864	21.554855710243615	28.465500432848312	8.236536790331068E-6
40.0	28.566524984839752	21.399900287155376	21.546885579661875	28.486680907460688	8.240882308416173E-6
41.0	28.558627409035754	21.40555077383682	21.540644125761595	28.49517036228123	7.329084601913899E-6
42.0	28.575726883572862	21.39575190026023	21.523171811859353	28.50534207131502	7.332992538615927E-6
43.0	28.62230494178441	21.38191557297679	21.480173228561362	28.51560075405063	5.502626807301091E-6
44.0	28.632084212805854	21.350424750530323	21.48467945678363	28.53280699182661	4.5880535802073205E-6
45.0	28.641153196331075	21.356382102355422	21.5045377818329	28.497917738250152	9.18123044702043E-6
46.0	28.624783930990866	21.350871487867803	21.52117745223185	28.503161617032845	5.511876638101029E-6
47.0	28.608944248601915	21.335183978757016	21.537122957681508	28.518735027403597	1.3787555969664289E-5
48.0	28.570768240074113	21.358298101329392	21.586746998888263	28.484183900663577	2.7590446565080914E-6
49.0	28.57778692710295	21.398331972344632	21.553564186855198	28.470309552359247	7.361337973233734E-6
50.0	28.56331726109212	21.430519355697808	21.561079597150336	28.445075500086343	8.285973394678506E-6
51.0	28.61272418020847	21.41643514381401	21.51407719679328	28.45675242526264	1.1053921600687436E-5
52.0	28.584437777107485	21.407168220716056	21.513064906093028	28.495321722817724	7.37326570537162E-6
53.0	28.581018503832272	21.38781711407143	21.517006134500438	28.514145337362113	1.2910233743101694E-5
54.0	28.537252176998585	21.384751592254073	21.543766852321188	28.53422107403447	8.304391682502142E-6
55.0	28.58074731857324	21.38263212592286	21.52206000253923	28.514550397513887	1.015545077756409E-5
56.0	28.575906761338587	21.361982387558186	21.565297092131754	28.496810063986427	3.694985044363284E-6
57.0	28.579993560763196	21.367637960426737	21.554634439846012	28.497726644766658	7.394197399893335E-6
58.0	28.55529340706208	21.39048722486484	21.56231089828996	28.49189922190782	9.2478752960268E-6
59.0	28.55881763777765	21.407776078295107	21.56819416040909	28.46520564620423	6.477313929718998E-6
60.0	28.526153572809598	21.423257550706577	21.561509771431826	28.489071698120895	7.406931100588022E-6
61.0	28.52758109302067	21.444039457828566	21.519669198305483	28.508704692423432	5.558421848422058E-6
62.0	28.529162631722226	21.42260434697005	21.502879785417537	28.545343039711916	1.0196178270314572E-5
63.0	28.539144819429595	21.4032333623353	21.502084904814282	28.5555304211351	6.492285726978795E-6
64.0	28.551512216592386	21.38304899467835	21.507203027530934	28.55821905673968	1.6704458648307502E-5
65.0	28.58323309460055	21.37949699385948	21.504908428452758	28.53235312566787	8.35741933848333E-6
66.0	28.56741192676635	21.360438927566335	21.557751618931796	28.514388235092213	9.291643303216733E-6
67.0	28.565639918733865	21.37801452094745	21.559913133153064	28.496385010764453	4.741640116581125E-5
68.0	28.566088389195126	21.403906492613043	21.54618846715783	28.483806417999336	1.0233034665781739E-5
69.0	28.54296647942714	21.41088878395697	21.534916289531836	28.511218208108318	1.023897573903554E-5
70.0	28.51507606060178	21.442112873070773	21.53741198039454	28.50539536043736	3.7254955414340442E-6
71.0	28.553920420847216	21.431308970080597	21.516146196887583	28.498613229036312	1.1183148292768E-5
72.0	28.54698522923141	21.427510820516805	21.510512542815597	28.514983947277795	7.460158394642546E-6
73.0	28.551050034319957	21.40687603585743	21.49693501624574	28.54513051577314	8.397803739183699E-6
74.0	28.549748351980398	21.40298156951525	21.494824287276142	28.552433653218444	1.2138009768632915E-5
75.0	28.598135746745175	21.380690195699867	21.48816050878357	28.533001402593865	1.2146177527390868E-5
76.0	28.613610898423758	21.364272618928766	21.522160549200418	28.499941909933874	1.4023513187164885E-5
77.0	28.60688672157712	21.378831688691392	21.5244043715528	28.489870669994495	6.548184196006086E-6
78.0	28.579900766591056	21.39804049019841	21.544524997283432	28.47753000184237	3.7440847322318117E-6
79.0	28.576787735311875	21.400224511676146	21.556453377889373	28.466526882221267	7.4929013423448465E-6
80.0	28.564579325834476	21.40746565172353	21.5596119016643	28.468333748703657	9.372074038485184E-6
81.0	28.55382735436575	21.42312549982334	21.529796680481386	28.493242962850772	7.5024787486428135E-6
82.0	28.557802643872325	21.41744152106667	21.497335075151693	28.5274076226089	1.3137300413322929E-5
83.0	28.56204642304939	21.420802648072247	21.47265590943656	28.544428351901885	6.666753991754164E-5
84.0	28.570834365755065	21.409802206850074	21.456045555363843	28.563303778605288	1.4093425732588486E-5
85.0	28.58497603593103	21.38200171714932	21.480186586036876	28.552830019911312	5.640971458771578E-6
86.0	28.597256261466956	21.380831530067677	21.48763508310627	28.534269598946842	7.526412250349847E-6
87.0	28.597074434408647	21.38941968765365	21.50335070231036	28.510147644118668	7.53150867849155E-6
88.0	28.589345313393196	21.39194337959629	21.507049665321773	28.511649394835896	1.2246852841439431E-5
89.0	28.568533872495642	21.38768338530482	21.526705964454766	28.517064522913284	1.2254831490882264E-5
90.0	28.53533125556289	21.444660625350764	21.51181500632986	28.50818839619651	4.716559978866038E-6
91.0	28.548731498860896	21.43490405435128	21.496672018153365	28.519682045401705	1.038323275551996E-5
92.0	28.55013059779153	21.44202827360885	21.47753177801197	28.53029234880306	1.700178459231973E-5
93.0	28.542285356074874	21.439797823060186	21.460472277586778	28.557433200826082	1.1342452078777981E-5
94.0	28.55310109907056	21.428066074231396	21.462408009430657	28.556413467062956	1.1350204428531964E-5
95.0	28.581818630627946	21.395543150019158	21.467014728737098	28.555614972178876	8.518436916800598E-6
96.0	28.592644599184297	21.39364294725868	21.474299925849984	28.539400214676736	1.2313030305048034E-5
97.0	28.608912500779816	21.377141344646255	21.48244836543846	28.53149589350484	1.8956306339445687E-6
98.0	28.589415036889726	21.37956629098602	21.504985926570424	28.526022312254845	1.043329898533227E-5
99.0	28.558415069125036	21.399802391424434	21.48328015049383	28.558490050284835	1.2338671865360414E-5
100.0	28.544944799083993	21.40839588458875	21.51309856791853	28.53355315017701	7.598231720518422E-6
101.0	28.52025771225485	21.432350457065702	21.490751464568387	28.55662991105235	1.0455058711522747E-5
102.0	28.556402038983403	21.43142591532162	21.442195414900297	28.569965216380716	1.1414413967864031E-5
103.0	28.585242842225888	21.3982437280189	21.422865377433723	28.593636629612412	1.1422709076697855E-5
104.0	28.585940234590606	21.376773057254667	21.442214490468068	28.59505888076163	1.3336925030753282E-5
105.0	28.58780855673387	21.363061497235332	21.428854088660067	28.620263464179658	1.2393191070240611E-5
106.0	28.596211985224297	21.35600695862761	21.454134503160258	28.593637012518386	9.540469455018332E-6
107.0	28.616747625647616	21.35207535508662	21.44479485943331	28.586370702607265	1.145722518494396E-5
108.0	28.605086259299394	21.366491235144043	21.46123610524821	28.56717302366271	1.337664563794274E-5
109.0	28.582642472948706	21.380455892743445	21.474545187345203	28.5623430600023	1.3386960349037835E-5
110.0	28.573706969685343	21.400276964968455	21.474890611660797	28.551113970098847	1.1483586557581526E-5
111.0	28.60614879419642	21.387581566012077	21.456057735735175	28.55020041155231	1.149250400947128E-5
112.0	28.59327934511853	21.39554633985136	21.456677515613297	28.554490090131296	6.709285517929573E-6
113.0	28.594042103807325	21.3879283934974	21.4156525129355	28.602365478811283	1.1510948489973154E-5
114.0	28.606013250948354	21.375436304572514	21.401581458272492	28.616954585923704	1.4400282936759143E-5
115.0	28.605200743473674	21.340448599753238	21.408114415614687	28.64622567242802	1.0568730380052794E-5
116.0	28.623094500520097	21.339185470061587	21.39601455792362	28.641687201877104	1.8269617593249427E-5
117.0	28.659999854686458	21.342255392202926	21.388482419972778	28.609251747383286	1.058575454801306E-5
118.0	28.6450509534869	21.335827962582606	21.420467352712826	28.59864024701291	1.3484204761463407E-5
119.0	28.63840047471041	21.353055559280147	21.431272346095565	28.577261980419316	9.639494566983253E-6
120.0	28.661278740934144	21.33426894613512	21.41789910837007	28.586536803841316	1.640071935484587E-5
121.0	28.648149505627487	21.35939040520904	21.41218716080539	28.58025554861739	1.7379740691179154E-5
122.0	28.654647112090654	21.364839479162274	21.377444328846305	28.603050719570806	1.8360329959867508E-5
123.0	28.670766049206637	21.34441736251904	21.34893302271059	28.6358671238796	1.6441684141436628E-5
124.0	28.66590207424936	21.32982740524132	21.348978194595468	28.655210042281688	8.228363216409098E-5
125.0	28.717545031850573	21.292490177325643	21.315399560908002	28.674555540614655	9.689301126018875E-6
126.0	28.736979068291973	21.27307494132591	21.29928044365314	28.690381378994633	2.841677343404496E-4
127.0	28.750526878010678	21.27205194400755	21.31135786874714	28.66603806956945	2.5239665182250766E-5
128.0	28.778906681673703	21.249352001343116	21.323097510776677	28.648631174890493	1.2631316011439659E-5
129.0	28.796398135093643	21.235491075412092	21.32151059052551	28.646590473535156	9.725433600919886E-6
130.0	28.789069921517367	21.23599255556726	21.31712754323499	28.657795378478056	1.4601202325297929E-5
131.0	28.79542323665798	21.23086328983285	21.307972772864883	28.66572218626101	1.851438327868212E-5
132.0	28.793645240413873	21.239466039224897	21.282579903023066	28.68429516259893	1.365473923568865E-5
133.0	28.80677222279353	21.234211570206433	21.25865131242343	28.700341465225172	2.342935143630808E-5
134.0	28.827289184725974	21.22608582791152	21.21468692414893	28.731924382574686	1.3680638892090268E-5
135.0	28.860641221920623	21.19727175030442	21.15139465594111	28.79067965563959	1.2716194254344135E-5
136.0	28.853261187734596	21.16713394309156	21.15272286574936	28.826862420495637	1.958292885201767E-5
137.0	28.8843851308335	21.156953267143017	21.113219179024828	28.845427719499423	1.470349923284983E-5
138.0	28.916854350142334	21.119530660785536	21.119666076082613	28.843939100286832	9.812702686893643E-6
139.0	28.88071811309479	21.143003303904344	21.1850909882272	28.791164016789413	2.357798426153832E-5
140.0	28.92927048426722	21.139049868295835	21.205893537047185	28.72576644094172	1.9669448041358162E-5
141.0	28.81368897260731	21.245243479424587	21.2103855651785	28.730668198341974	1.3784447630008412E-5
142.0	28.964214717334464	21.168968446130844	21.172666965321437	28.694137056514574	1.2814698688088322E-5
143.0	28.688490121763373	21.337526806564924	21.15788096503032	28.816081381918963	2.072472242367694E-5
144.0	28.74717345142721	21.562740382720165	20.918467022442396	28.771431426420502	1.8771698972530067E-4
145.0	28.5075002371535	21.44258106562317	21.211287788447862	28.838617061839912	1.3846935558923591E-5
146.0	29.009523085391216	21.292318614061823	20.9413831437983	28.75672168147108	5.34752775819961E-5
147.0	29.208523670963128	21.23368361729455	21.0511535060588	28.506639205683527	0.0
148.0	29.098519167036812	21.127370774992453	20.915248228187476	28.85886182978326	0.0
149.0	29.418578898395182	20.64367043587409	20.19770444904444	29.713931194096908	0.026115022589375512
150.0	27.9668056616904	20.282300940517498	22.010937523046646	29.739955874745455	0.0
