# Position (bp)	A	C	G	T	N
0.0	28.726835249703342	24.015678648313514	21.663607655937227	25.59387844604592	0.0
1.0	29.116381790445534	20.330946210558672	21.033174706682722	29.49455537770839	0.02494191460468054
2.0	27.7931209503499	21.39541406937453	21.8423219187625	28.96914306151307	0.0
3.0	28.0604829382641	21.52894221498191	21.704978609262053	28.705595373941932	8.635499984309297E-7
4.0	28.156187593940206	21.435718538451297	21.981768836059125	28.426242130749518	8.290079984936924E-5
5.0	28.213585171685917	21.657090444099065	22.328979838128244	27.80033591058679	8.635499984309296E-6
6.0	28.19876751726284	21.35214244250316	22.592405765149596	27.856474432434787	2.0984264961871593E-4
7.0	28.109414271825194	21.649662187012563	22.31225632885863	27.928665485203613	1.7270999968618593E-6
8.0	27.967526098683003	21.76574575910164	22.05353243157873	28.213193983536627	1.7270999968618593E-6
9.0	27.998065544377514	21.826199440291795	22.11000082952613	28.06573418580456	0.0
10.0	27.942795753827944	21.845650904006455	21.910514735038593	28.301038607127012	0.0
11.0	28.095740821150038	21.78490966066682	21.862982352474962	28.25636716570818	0.0
12.0	28.15379815109455	21.687736106443385	21.82003887460299	28.33842600430908	8.635499984309297E-7
13.0	28.28787637805093	21.566638763063416	21.881890643240602	28.26359421564505	0.0
14.0	28.320860533791	21.598047803606345	21.95750653530321	28.123584263749446	8.635499984309297E-7
15.0	28.307415060315428	21.569221641108722	22.0074862185624	28.11587708001345	0.0
16.0	28.155361176591708	21.6869571843448	22.0364885452597	28.121192230253794	8.635499984309297E-7
17.0	28.018122356641072	21.806821378327005	22.103278092788344	28.07177644514358	1.7270999968618593E-6
18.0	28.003237345318116	21.84015527181644	22.145232805912112	28.011374576953337	0.0
19.0	28.001679501120947	21.939379757286147	22.023154469733928	28.03578540830898	8.635499984309297E-7
20.0	28.062308482960784	21.892456177471406	21.89448033866773	28.15075500090008	0.0
21.0	27.96157278499382	21.93349984534683	21.865803570319837	28.23912379933951	0.0
22.0	27.913636261030923	21.972193793676524	21.89848721066045	28.215682734632104	0.0
23.0	28.09235656870619	21.82345162419679	21.934287402945397	28.149892314451648	1.2089699978033016E-5
24.0	28.177734029951058	21.72681778872237	21.927214064908252	28.168007866318728	2.2625009958890358E-4
25.0	28.14378701596274	21.74240918394404	22.01320205600201	28.100601744091207	0.0
26.0	28.146399254707994	21.843681146460032	22.11778918696198	27.89213041187	0.0
27.0	28.034010813062203	21.838644059319183	22.17039578931639	27.956949338302223	0.0
28.0	27.949332827316063	21.956531587354984	22.214647545435987	27.87948803989297	0.0
29.0	27.830228557332475	22.140465146370776	22.113639829219515	27.915665603527234	8.635499984309297E-7
30.0	27.895227102164373	22.141013500619778	21.95019744811649	28.01356194909936	0.0
31.0	27.88021601254165	22.10385753483729	21.94020876528464	28.07571768733642	0.0
32.0	27.951068562812907	22.052120527331297	21.88245972268957	28.114351187166225	0.0
33.0	28.049474402884105	21.906825649445295	21.87718688639915	28.166511334171453	1.7270999968618593E-6
34.0	28.164017401775983	21.888165197529204	21.905824794997116	28.041988287947706	4.317749992154648E-6
35.0	28.21679412348008	21.87169988970912	21.974011566423222	27.93749442038757	0.0
36.0	28.134284511780006	21.905111502698414	22.086227298069325	27.87437668745226	0.0
37.0	28.020552386336657	21.965901104837958	22.083040798575116	27.93050484670027	8.635499984309297E-7
38.0	27.90762336239185	22.073031390543303	22.13694013527718	27.882400794037675	4.317749992154648E-6
39.0	27.85235184474228	22.157036670840665	22.096899048949933	27.893706390617133	6.044849989016508E-6
40.0	27.861022189326352	22.214105105945606	22.038557657886752	27.88630899860563	6.0482356644221466E-6
41.0	27.882068800231362	22.160409796080433	21.93756380326663	28.01994809061065	9.509810917466963E-6
42.0	27.875649764155657	22.098297647885026	21.93671589542973	28.089328907374806	7.785154778997708E-6
43.0	27.9712200885863	22.06313778154183	21.853277553169185	28.11236024918799	4.327514689791889E-6
44.0	28.102219471784284	21.960486356407568	21.842442686796822	28.094840226921526	1.1258089803530744E-5
45.0	28.134795634530718	21.906501544269346	21.959942607419393	27.9987550146435	5.199137043767384E-6
46.0	28.169832146477102	21.901118243134864	22.00007630099703	27.928961170596022	1.2138794981822154E-5
47.0	28.130246247692646	21.839979295089627	22.04113831649336	27.988625729619958	1.0411104407613061E-5
48.0	27.98475257944282	21.89474598206133	22.208823913530306	27.911672316232334	5.208733212122639E-6
49.0	27.940984131555357	22.04356152870682	22.181447090986673	27.833998562389827	8.686361317381548E-6
50.0	27.931177434896043	22.12007537353075	22.084332214153395	27.864408024174143	6.953245672084778E-6
51.0	27.964687734976984	22.108196357161646	21.966053831754838	27.961056858079857	5.218026678500687E-6
52.0	27.906057310275372	22.121777502097718	21.91280256310523	28.059358273632682	4.350888999310584E-6
53.0	27.878427472428903	22.104134153650882	21.872233732582238	28.145197675740246	6.965597731263025E-6
54.0	27.933452780688317	22.023349301719485	21.929535563096675	28.113655384419474	6.9700760520680705E-6
55.0	28.03060732567275	21.97420061249732	21.93453141747415	28.060656285390976	4.358964796076206E-6
56.0	28.092082995740924	21.92783757321481	22.046335124753917	27.93373732763596	6.978654389817865E-6
57.0	28.064900487884298	21.88129186330483	22.1298000330611	27.924000632731307	6.9830184687396185E-6
58.0	28.0001290194376	21.947925197653376	22.121198337287765	27.93074307859453	4.367026726273437E-6
59.0	27.8460842965358	22.092613320699613	22.158980390928498	27.90231674798367	5.243852422051532E-6
60.0	27.762803177928074	22.23247742909754	22.104131628500685	27.900582517302787	5.2471709156522255E-6
61.0	27.813644396568677	22.241689484609385	21.896180993915955	28.048482499647715	2.625258269626993E-6
62.0	27.828282167582774	22.154622974721693	21.83194232170671	28.185146406602772	6.129386050746728E-6
63.0	27.909799825813586	22.090155488536816	21.80985117050116	28.190183000877944	1.0514270493627476E-5
64.0	28.00196254308023	21.98555193389709	21.78607202008801	28.226402981795935	1.0521138743177205E-5
65.0	28.07065756074108	21.913691986079225	21.859512650055525	28.15613078439359	7.018730579227321E-6
66.0	28.06768642537058	21.880145882189378	22.060428029939988	27.991728249459292	1.1413040763369484E-5
67.0	28.0826292404582	21.90326196120379	22.08925123921986	27.92480748430462	5.007481352842246E-5
68.0	28.01053431773233	21.941507139490053	22.056098308999854	27.991847926797803	1.2306979963463037E-5
69.0	27.840232677812637	22.105735400660656	22.069052048902375	27.984971076290314	8.796334018723156E-6
70.0	27.762519950989212	22.247893661760013	22.005299878423646	27.984276826658228	9.682168898782148E-6
71.0	27.804260127618374	22.250668097879693	21.931798316492692	28.013266411863963	7.046145275873146E-6
72.0	27.84847669189473	22.16596880548164	21.85760635199984	28.12793669293826	1.1457685533420482E-5
73.0	27.904766868032887	22.053653222220976	21.77595758081029	28.265609981654848	1.2347281001281938E-5
74.0	27.951583201089246	22.019980436630014	21.796141607506325	28.23228945936244	5.295411970342304E-6
75.0	28.115884482155586	21.893228027257987	21.84822587633482	28.142651898952014	9.715299592857407E-6
76.0	28.167362540831554	21.816573997700058	21.98730688262341	28.028745973274972	1.0605570004711789E-5
77.0	28.154841269220103	21.865246790316856	22.01461981283424	27.965285937027346	6.190601455401558E-6
78.0	28.035327783242476	21.91582443321558	22.09533783642491	27.953499327745085	1.0619371948573249E-5
79.0	27.958176918989274	21.98544865072155	22.169842691615102	27.886518455140646	1.3283533425558839E-5
80.0	27.929515501264486	22.079910806234906	22.1550731355447	27.83548992278368	1.0634172228323973E-5
81.0	27.966033283400172	22.069665375278962	22.05146997145145	27.912820728245187	1.0641624228977745E-5
82.0	27.93960139807089	22.082732797976984	21.886937100236104	28.09071628030006	1.24234159632181E-5
83.0	27.912938607832693	22.063490332597738	21.84724379863751	28.176273092960624	5.4167971433978585E-5
84.0	27.939597817879537	22.057311207637113	21.829226880948166	28.173848987435946	1.5106099243073355E-5
85.0	28.07667179633291	21.911024367251404	21.817538507486756	28.1947528801532	1.2448775733153308E-5
86.0	28.167875406444182	21.822381768022513	21.90535907014879	28.104373077340274	1.0678044241450869E-5
87.0	28.144788516492547	21.866417247587226	21.988476727398275	28.000313056136356	4.4523856006715195E-6
88.0	28.13504901372835	21.88096578390189	22.059501549493156	27.924470286419652	1.3366456958244222E-5
89.0	27.985800687328616	21.935210506359258	22.14041233403509	27.93856666343688	9.808840151199526E-6
90.0	27.847748669352672	22.101500238668308	22.143713918054527	27.90702914291186	8.031012629757852E-6
91.0	27.862166192006022	22.188232606873655	21.99500521391518	27.95459152247216	4.464732984857948E-6
92.0	27.884577589876468	22.15443988058428	21.838577657302487	28.12239951103715	5.3611996098726525E-6
93.0	27.86145118322658	22.137091303108956	21.81522757698833	28.186224571595154	5.365080973468191E-6
94.0	27.90913790715992	22.08552676466818	21.813398630889917	28.191927749142486	8.94813949165172E-6
95.0	28.012712839709327	21.978214171690315	21.83532433908326	28.17373611343613	1.253608096768158E-5
96.0	28.095182121097125	21.934969541704046	21.909467555810817	28.06036196404073	1.8817347285936367E-5
97.0	28.094262798186833	21.87348486515523	22.01960853833985	28.012627657802636	1.6140515453817224E-5
98.0	28.040888345281616	21.936869382222238	22.051176043501766	27.971055461177137	1.0767817244729308E-5
99.0	27.947343099456585	21.998133188855068	22.021756344248995	28.03275659209099	1.0775348362747324E-5
100.0	27.865870571489644	22.076656509523342	22.01551021197443	28.041945634069172	1.707294341390361E-5
101.0	27.831822850125583	22.18443341493898	21.920533930632526	28.06320350969867	6.294604240066998E-6
102.0	27.913932019392362	22.198373204455045	21.768877604161464	28.118799173638013	1.79983531146933E-5
103.0	27.948161744708	22.07839327326912	21.702954111790618	28.270477361727846	1.3508504414038904E-5
104.0	27.944467646378822	21.984479277317913	21.77209738506023	28.29894397486451	1.1716378524718139E-5
105.0	27.99014220073496	21.97396412829923	21.797435053677173	28.238449598325126	9.018963507163212E-6
106.0	28.117250015921474	21.875055508533258	21.80000255610026	28.20768289366724	9.025777765711316E-6
107.0	28.15499313405206	21.84638251237079	21.92006766265515	28.078544045452585	1.2645469415541218E-5
108.0	28.114768391169637	21.91859518591346	21.949601831303838	28.017026456470116	8.135142947071053E-6
109.0	28.056591471309016	21.936527752234372	22.01101544782936	27.99585356893568	1.1759691571151512E-5
110.0	27.926754223589583	22.0343480009051	22.069822446263835	27.969070802823197	4.526418281877538E-6
111.0	27.910449275628853	22.094765410252908	22.031767909877615	27.963007438718606	9.965522011709126E-6
112.0	27.88118848003408	22.149862791341793	21.938667725701926	28.030271936460494	9.066461706606743E-6
113.0	27.925583149294503	22.08816106816456	21.816871674558342	28.16937140495936	1.2703023233330446E-5
114.0	27.901230189023764	22.051171463282493	21.759208596958533	28.288377037865132	1.2712870085609648E-5
115.0	27.997697669723475	21.964290634582667	21.704724588052745	28.33328074630732	6.3613337921248435E-6
116.0	28.094006809475005	21.86461705963646	21.74180055647215	28.299561023129026	1.455128736285173E-5
117.0	28.203904336164097	21.848308207461262	21.806785555494372	28.140987338235178	1.4562645086040204E-5
118.0	28.15914101964839	21.845825630016435	21.92522188581388	28.069800533793003	1.0930728285732518E-5
119.0	28.110343032271313	21.897665046019537	21.988759044686628	28.0032146447309	1.8232291629223995E-5
120.0	28.03725723249759	21.91714601283668	22.02388938583859	28.0216891220967	1.824673042767654E-5
121.0	27.96010439049966	22.073850817514877	21.99840220560891	27.967627064413144	1.552196340930869E-5
122.0	27.92496283155358	22.15064602700047	21.86186320754372	28.06251148606971	1.644783251925091E-5
123.0	27.977263089408755	22.108451360132918	21.756677119267646	28.157585568517096	2.286267358610665E-5
124.0	27.939614434851162	22.08249026399704	21.726420685117798	28.25139773171677	7.688431722941578E-5
125.0	28.14332622098636	21.95659385522792	21.645556427780257	28.254512503244356	1.0992761111077574E-5
126.0	28.202791653656835	21.849241555688618	21.612491828493923	28.33520356427576	2.713978848679193E-4
127.0	28.18437961670131	21.880754050129536	21.727660360860693	28.207183030325254	2.294198320248557E-5
128.0	28.251683712952364	21.834635401131784	21.872413474714733	28.041257308147298	1.0103053812419042E-5
129.0	28.29769549059212	21.782239617058657	21.88008924904241	28.039960935158764	1.4708148056630782E-5
130.0	28.18631182499272	21.833102572309198	21.847963758908477	28.1326126435255	9.200264099101124E-6
131.0	28.085453199480543	21.970954848834506	21.875498191740398	28.06807442051589	1.9339428660784625E-5
132.0	28.087334773377474	22.05274246858261	21.75681416192497	28.10309200567382	1.6590441116879188E-5
133.0	28.135998662935634	22.002125480701228	21.72997203607144	28.131890905717015	1.29145746823748E-5
134.0	28.16916853740868	21.95444470250966	21.609785906970675	28.266583310215953	1.7542895032872387E-5
135.0	28.13644038534251	21.923415483886934	21.527698113454456	28.412438623994547	7.3933215553408185E-6
136.0	28.17225452457245	21.875437791615756	21.526161888137118	28.42612729540171	1.850027296690256E-5
137.0	28.279715421288966	21.775605212549106	21.563632136609456	28.3810342663108	1.2963241672658927E-5
138.0	28.416307369661382	21.70046305643234	21.645518046810846	28.237698551316363	1.2975779067860627E-5
139.0	28.320221565525593	21.750226622192738	21.767564031787416	28.16197386306174	1.3917432512050178E-5
140.0	28.381858662588222	21.76531036104866	21.785427053654498	28.067388133984046	1.5788724575219457E-5
141.0	28.11311240142919	21.957175948717474	21.82780075692371	28.101897876568486	1.301636113827037E-5
142.0	28.2658916719053	21.942603197651948	21.730438032117878	28.06104848391647	1.8614408402782216E-5
143.0	27.968729044071694	22.14556189570935	21.62592591574626	28.259770100699328	1.3043773366114821E-5
144.0	27.919069837150435	22.43752681599016	21.326895645980855	28.316309050961213	1.9864991733878497E-4
145.0	27.81765477229616	22.197443042170452	21.642958126807883	28.341931922593922	1.2136131585465257E-5
146.0	28.47130908216519	21.841690539733026	21.450141129992648	28.23678635110976	7.289699937165589E-5
147.0	28.780953260988856	21.537767484752877	21.55034327013003	28.130935984128236	0.0
148.0	29.05404918813658	21.71058323172434	21.34657066958869	27.888796910550383	0.0
149.0	29.603042818302416	20.812996895500973	20.279723369465902	29.278251108688806	0.025985808041899906
150.0	25.51022396413241	21.422752644817216	24.08618376499194	28.98083962605844	0.0
