# Position (bp)	A	C	G	T	N
0.0	27.99539447677412	21.667294948744505	25.220786742253367	25.11595445689997	5.693753280401459E-4
1.0	26.034307970123987	22.99448643007475	24.303300024027845	26.6643375582884	0.0035680174850172297
2.0	26.596451518505663	23.02322409645279	23.902246913939887	26.477952188158277	1.2528294337913766E-4
3.0	25.33269293038536	24.09881687066227	24.68386682647202	25.88401019905015	6.131734301970802E-4
4.0	26.497183629247235	24.213245014630093	23.74936098059673	25.540160466060698	4.9909465248599553E-5
5.0	26.090312501496012	23.982487074212422	23.797756864919624	26.129361055970207	8.25034017374809E-5
6.0	26.541180350704646	23.220969472009802	24.248156176291232	25.98954936540115	1.4463559316941097E-4
7.0	25.88188955605734	24.108959696273402	23.490512159728215	26.518524509163328	1.1407877771108469E-4
8.0	26.54015669738679	23.656902168382924	23.87087015726676	25.93199458492488	7.639203864581564E-5
9.0	26.392959424521457	23.654005382277475	23.74928764423963	26.20330956793987	4.3798102156934304E-4
10.0	26.247513057181887	23.72714413863749	23.88331085540036	26.14141877535006	6.131734301970802E-4
11.0	26.358061504147017	23.643506060485993	23.815738532256333	26.182414817529466	2.790855811860465E-4
12.0	26.379651931389358	23.698528699521287	23.760865621616787	26.160893652402166	6.0095070401374976E-5
13.0	26.336089116711452	23.74235430281213	23.769363471995746	26.151952728199063	2.403802816054999E-4
14.0	26.346494730935525	23.71837942540353	23.70766620590384	26.227392412763095	6.722499400831777E-5
15.0	26.2710754175818	23.759945861471493	23.795220649236583	26.17367760542942	8.046628070692581E-5
16.0	26.247204433345754	23.82397461258287	23.82052780379917	26.108229999520262	6.31507519472076E-5
17.0	26.204253773537534	23.86724000759031	23.806350459987023	26.121885840348586	2.6991853654854866E-4
18.0	26.21252855916365	23.869509360418352	23.838879208602926	26.078984071445095	9.880036998192157E-5
19.0	26.180771879418323	23.882135436565733	23.83434661430994	26.102529116316248	2.1695338975411644E-4
20.0	26.14545023786953	23.89890705401029	23.86449294988061	26.091074384761438	7.53734781305381E-5
21.0	26.151069636232315	23.885861330930616	23.862919273884504	26.099847246479523	3.025124730374299E-4
22.0	26.151995507740704	23.908957190614537	23.84092244099657	26.09772762204723	3.9723860095824135E-4
23.0	26.133439372273376	23.92563917473375	23.853744080762883	26.08666809197235	5.09280257638771E-4
24.0	26.112094418115223	23.940741371493772	23.853133963014233	26.093864222012787	1.6602536399023935E-4
25.0	26.118848492892027	23.932037771890723	23.86153810582579	26.08728432108409	2.91308307369377E-4
26.0	26.120919226419588	23.945912603229836	23.858265470890203	26.07471630288608	1.8639657429579017E-4
27.0	26.11324233581594	23.920801012286184	23.895817759967457	26.069967773763857	1.7111816656662705E-4
28.0	26.109906550128404	23.936016269263398	23.89526875584972	26.058434613049368	3.738117091068579E-4
29.0	26.109023458161655	23.990327953059026	23.872144376471375	26.028342261186012	1.6195112192912917E-4
30.0	26.09490722798043	23.986968740479643	23.88619949302169	26.031809441180016	1.1509733822636224E-4
31.0	26.09084826432705	23.979656494540464	23.90985556098901	26.019405411224966	2.3426891851383464E-4
32.0	26.09369106672519	23.971674035782232	23.897702096920717	26.036879835425065	5.296514679443218E-5
33.0	26.077133346988834	23.984836893321166	23.906822287774514	26.03115246964766	5.5002267824987265E-5
34.0	26.080010780444496	23.99425552240594	23.914663166621118	26.010980897203105	8.96333253444237E-5
35.0	26.09516797947234	23.988588251698932	23.89749023633354	26.01859361849429	1.599140008985741E-4
36.0	26.058598601292328	24.00629694481755	23.939111674669327	25.9958532364302	1.3954279059302324E-4
37.0	26.044405979072454	24.016790155245936	23.932803729398213	26.005838185161466	1.6195112192912917E-4
38.0	26.038440270134473	24.031287327059882	23.934288790629488	25.99575443606022	2.2917611593744694E-4
39.0	26.030170577310933	24.024475194333707	23.938584060322412	26.006664237739358	1.0593029358886436E-4
40.0	26.0382348918665	24.038939425995835	23.92776970859828	25.99499473987516	6.123366422338563E-5
41.0	26.030103671384857	24.038153770964968	23.931653631132725	26.000004049551624	8.487696582722461E-5
42.0	26.01218393920494	24.06093961533838	23.927926963828124	25.998879805016973	6.967661158211362E-5
43.0	25.99263006572613	24.077466649774326	23.93995593891406	25.989788209871058	1.5913571442798308E-4
44.0	26.009125014304963	24.063961475170387	23.91883063427464	26.00798102860199	1.0184764801683288E-4
45.0	26.003199367391723	24.054350115845278	23.925885575930042	26.016426811352694	1.3812948026577102E-4
46.0	26.020277626680322	24.05092599622116	23.933225947920246	25.99549709259706	7.333658121426249E-5
47.0	26.028353194862696	24.04383179769079	23.93666566328225	25.990984775733022	1.6456843124356302E-4
48.0	26.003304239100178	24.0523731459912	23.965533517499573	25.978628338981068	1.607584279783885E-4
49.0	25.993194941598336	24.065725247663828	23.950212990923713	25.9907743185468	9.250126731932927E-5
50.0	26.000197889766024	24.06233840087363	23.92622877827545	26.010938096435847	2.9683464903989615E-4
51.0	25.99824363189218	24.061940377383873	23.91278561622741	26.026796565063876	2.3380943266162042E-4
52.0	25.999166117371914	24.060846672789587	23.91406098569856	26.025758849249087	1.6737489085195693E-4
53.0	25.991205656318687	24.063798305694295	23.916219821940896	26.02865041123078	1.2580481533865985E-4
54.0	25.98523247605453	24.09534149402707	23.909803464735347	26.00952170588706	1.0085929598698512E-4
55.0	25.989042912792726	24.08052058867277	23.909544905854244	26.020811573516937	8.001916332615614E-5
56.0	26.006948312607975	24.062869086109792	23.918966192648792	26.01112038966229	9.60189711539807E-5
57.0	25.995880637703937	24.04192711676712	23.92902676536496	26.033107320081868	5.816008211526823E-5
58.0	26.008862773890957	24.047906754139948	23.917229907315402	26.02582464026642	1.7592438727443525E-4
59.0	25.991954765561776	24.046451315886518	23.93245559981252	26.029010861404256	1.2745733493170497E-4
60.0	25.98302325168224	24.065022050360742	23.939624924422418	26.012194583084735	1.351904498655957E-4
61.0	25.974169307159258	24.08048051989978	23.900411873529215	26.04404853941629	8.897599954560363E-4
62.0	25.98142249179436	24.08531145432655	23.896664729105925	26.036495466613623	1.0585815953998707E-4
63.0	25.972874329975415	24.059392310269043	23.912766197906453	26.05485784335292	1.093184961697532E-4
64.0	25.99943251545902	24.057148348928735	23.909400830905486	26.033940955609847	7.734909690739618E-5
65.0	25.998660559441443	24.041467628924764	23.91713684980255	26.042278366184906	4.565956463368209E-4
66.0	25.96644115684798	24.071585226312116	23.929298142616105	26.032612860695618	6.261352817742091E-5
67.0	25.98019270676341	24.046776664472322	23.934069151286007	26.038835937868974	1.2553960928350693E-4
68.0	25.996999590160776	24.04246369698202	23.91832276250193	26.04206638957138	1.4756078389453032E-4
69.0	25.97605956792175	24.04060141853353	23.92653088042479	26.056704790621026	1.033424989064732E-4
70.0	25.98194191266198	24.057278168569276	23.918388596532488	26.042059775868765	3.315463674847504E-4
71.0	25.974454897120786	24.071690617594772	23.892611796113332	26.061175989890312	6.669928079258952E-5
72.0	25.973168292731064	24.061428612154582	23.90803142043249	26.057285053584465	8.662109739062167E-5
73.0	25.974189319443152	24.055601115140316	23.892982899195506	26.07706614793607	1.605182849566771E-4
74.0	25.97703229509441	24.04739906486476	23.899031874431913	26.076370325935837	1.6643967308073727E-4
75.0	25.996571053504518	24.03044734846416	23.890315238987256	26.08256695968677	9.939935729480011E-5
76.0	26.013506881440186	24.0298394226973	23.904263394678573	26.052197754225226	1.925469587174673E-4
77.0	26.0253694669966	24.01493130710108	23.893710826636568	26.06581989737703	1.6850188872880224E-4
78.0	26.02042044603044	24.02655981621865	23.893748520346048	26.0591701678666	1.0104953825913189E-4
79.0	26.011463434115832	24.020084429368307	23.894439119141605	26.073614810758922	3.982066153308635E-4
80.0	26.02077917592443	24.036461183952333	23.88045107986148	26.06221274464665	9.581561510421759E-5
81.0	26.020303045365296	24.02747179325987	23.865309639542918	26.086831823796487	8.369803543301648E-5
82.0	26.007970348007152	24.02596583823576	23.874483171523785	26.09134589803517	2.347441981294688E-4
83.0	26.012817808281756	24.02593099698394	23.86343593492046	26.097770471273975	4.478853986672722E-5
84.0	26.00033815397541	24.014392429012005	23.88026818836105	26.10496757925767	3.3649393864495146E-5
85.0	26.015798637237786	24.017446056687593	23.862453970905733	26.10394401636916	3.5731879973199295E-4
86.0	26.01465182431643	24.00480001037431	23.86771635730895	26.11270573129398	1.2607670632889756E-4
87.0	26.018880967731224	24.002740798371715	23.87072413546347	26.107535678620806	1.1841981278504283E-4
88.0	26.031368684876927	23.989749807618203	23.8800520702089	26.098777457486733	5.197980923410011E-5
89.0	26.026120015607557	23.997771416290878	23.86552950999466	26.109798906610315	7.801514965887338E-4
90.0	26.00223637930891	24.006159318703432	23.87661629100357	26.114824624199333	1.6338678475264994E-4
91.0	26.023802822961255	24.009196959731145	23.85453471113689	26.112420025300096	4.548087060937908E-5
92.0	26.027590985915584	23.99971814050812	23.839786579857833	26.132830228117832	7.406560063174083E-5
93.0	26.011942044462756	23.999848352090815	23.852465540353588	26.135651567003652	9.249608918541435E-5
94.0	26.027562176694225	24.001764255451167	23.834510659569816	26.136083938419898	7.896986489354828E-5
95.0	26.032493334796	23.99180920926183	23.832494507163897	26.143049233222644	1.5371555562764637E-4
96.0	26.03516919947964	23.99605905734137	23.83762916127402	26.13106784702552	7.4734879452352E-5
97.0	26.035081954267092	23.97526422637872	23.848276009591647	26.141268320271465	1.094894910718696E-4
98.0	26.038528854102516	23.971516459214097	23.83885478206245	26.150990151341453	1.0975327947997924E-4
99.0	26.047214300579085	23.967844748684133	23.83970847756139	26.145140974568115	9.149860727537625E-5
100.0	26.04406186901873	23.978838252961978	23.830761944488582	26.14582470698596	5.132265447457143E-4
101.0	26.02452341790265	23.987685575949826	23.817399973507403	26.170248999909123	1.4203273100046204E-4
102.0	26.04648123473204	23.990503426088832	23.7853777004207	26.17752791277316	1.0972598526580793E-4
103.0	26.034562496997705	23.981634693816208	23.802858112421195	26.18089904779527	4.564896963018529E-5
104.0	26.052789293961133	23.95983136675065	23.7997055601734	26.187632696234896	4.108287992115092E-5
105.0	26.065806300886607	23.94860901850304	23.803398705108663	26.182096508818127	8.946668356645232E-5
106.0	26.058303733706133	23.966672178562277	23.794267719086488	26.180678442523668	7.792612143215696E-5
107.0	26.061060396899034	23.955976191292507	23.786233245346587	26.19654068023542	1.8948622645344966E-4
108.0	26.064679203788334	23.962247901944774	23.781498717168233	26.19154091249119	3.326460746628629E-5
109.0	26.06391833355941	23.951594320782146	23.77846592333296	26.205976131643993	4.529068149353268E-5
110.0	26.07264182418618	23.952557655401247	23.77443637128116	26.20031392595336	5.0223178051677186E-5
111.0	26.076282063095864	23.957619428276995	23.767175955735294	26.198644189911896	2.7836297995057044E-4
112.0	26.0736705897065	23.955793056346767	23.750106814070023	26.220313951310025	1.155885666869633E-4
113.0	26.069641801466265	23.960424655045355	23.740733617672127	26.22903196353609	1.6796228016698013E-4
114.0	26.074788226365296	23.953177385301725	23.738199667129475	26.233660068787586	1.7465241591896127E-4
115.0	26.094129368503133	23.925248714826182	23.745389030363615	26.234999122044744	2.3376426232898898E-4
116.0	26.10252034702098	23.921876337855856	23.732723955046147	26.242824356153093	5.5003923918816896E-5
117.0	26.119212196198266	23.919000145132525	23.72120338599364	26.240479957904938	1.043147706303506E-4
118.0	26.120925910131614	23.91348741031701	23.7202623863646	26.24512835334859	1.9593983818844526E-4
119.0	26.112151113124476	23.91772431327793	23.70663846083189	26.263364828930264	1.2128383543644866E-4
120.0	26.129124550014144	23.913449377101575	23.704540612714766	26.25280715014752	7.831002199355612E-5
121.0	26.126375860951445	23.90303291207813	23.704398826715824	26.265916443272623	2.759569819776116E-4
122.0	26.152057341202717	23.905887123768235	23.664893349628915	26.276780802615807	3.8138278432842435E-4
123.0	26.153552748815734	23.887248015459374	23.670621794469916	26.288506844063626	7.059719134873275E-5
124.0	26.171275552337182	23.881535555111668	23.668726229743093	26.27830427256786	1.583902402012068E-4
125.0	26.18948667212492	23.87789446900693	23.651650505510137	26.280815503888526	1.5284946948624007E-4
126.0	26.20687077920023	23.847785320496694	23.648912805620316	26.29624411581671	1.8697886604771284E-4
127.0	26.195193200284876	23.839232670578383	23.668006769187045	26.297206751512082	3.6060843761667857E-4
128.0	26.207631005522813	23.837968597781366	23.63986293484695	26.314337963584418	1.9949826445578027E-4
129.0	26.21981967273723	23.87158171358218	23.60979224443713	26.298622621669466	1.8374757399446389E-4
130.0	26.21930585275123	23.864814591533328	23.613836001226566	26.301907181587143	1.363729017340798E-4
131.0	26.23811529722215	23.823673412075962	23.595640729423756	26.342496659231596	7.39020465324236E-5
132.0	26.230687132658293	23.826623361389732	23.585240997521947	26.357275814437486	1.726939925419044E-4
133.0	26.267966911107848	23.775951662497775	23.603555612194768	26.35245091347717	7.490072243619308E-5
134.0	26.2604337993248	23.773992848011318	23.561212262418255	26.404297792351255	6.329789436860855E-5
135.0	26.31924872528706	23.753694235009526	23.502161172668487	26.424826686286508	6.918074841931147E-5
136.0	26.359280042063453	23.68844220666126	23.474031604099864	26.478124549645106	1.2159753031863636E-4
137.0	26.305612572444176	23.730072689191765	23.475930308232567	26.488301841290678	8.258884081606584E-5
138.0	26.319054428858546	23.710210769767865	23.43778788304956	26.53286091968361	8.599864041697799E-5
139.0	26.34407637708526	23.760674406037634	23.40645724097487	26.488004801790048	7.871741121895925E-4
140.0	26.327480280202504	23.812177020331934	23.467989632591355	26.391873728669964	4.7933820424598064E-4
141.0	26.358865944912544	23.67114121912456	23.408080665854882	26.561859557144167	5.2612963837133414E-5
142.0	26.133154371011454	23.7934388107054	23.388003599061435	26.68530997780166	9.324142005363017E-5
143.0	26.704464325315424	23.39889155021422	23.78354766697706	26.112938673313558	1.5778417973013519E-4
144.0	26.18612453686935	24.133580660667146	22.932510699632264	26.747728588438306	5.551439293177893E-5
145.0	26.29958859423351	23.737214022933237	23.67074975997091	26.292406337048096	4.12858142458324E-5
146.0	25.84426097712429	23.642214312457444	23.72907740326716	26.78441901201455	2.8295136561934503E-5
147.0	26.23109206151285	24.507665245370976	23.547996135549766	25.71281039951867	4.3615804772899997E-4
148.0	26.814946023595628	23.74120729974811	22.291524420041657	27.15227108244742	5.117416718407763E-5
149.0	26.97436326817131	24.281230363169886	22.11732317389092	26.625205563549905	0.0018776312179777635
150.0	25.678043887811548	25.020478384452776	20.6169252434795	28.683808954149924	7.435301062540525E-4
