# Position (bp)	A	C	G	T	N
0.0	29.830715859824437	22.3981234623933	21.187203778833418	26.583951071300895	5.827647952836146E-6
1.0	29.75402838350108	20.63816940990082	21.53329613545645	28.073551793789374	9.542773522769189E-4
2.0	29.44453656984583	21.21087131408187	21.147456305971097	28.197077533621666	5.827647952836146E-5
3.0	29.35696596097055	21.199121318896967	21.491246741652763	27.952443070945527	2.229075341959826E-4
4.0	29.42501249229184	21.224607080306708	21.594984702861197	27.75520049833383	1.952262064200109E-4
5.0	29.398476297338604	21.080887083405848	21.4199469258618	28.10028612877301	4.035646207339031E-4
6.0	29.358928421418668	20.978135451613433	21.712825572115495	27.94994592379773	1.6463105466762111E-4
7.0	29.101139500400986	21.199706997516227	21.37059985990917	28.328139879168962	4.1376300465136636E-4
8.0	28.99740445301653	21.17821463186617	21.38965481180296	28.434372073701216	3.540296131347958E-4
9.0	29.06317091707627	21.140958478503684	21.4596346653326	28.336142696720195	9.324236724537834E-5
10.0	29.076852777557544	21.174889958709077	21.40657393072203	28.341606116675983	7.721633537507893E-5
11.0	29.039391199604726	21.149807761920066	21.380840494274292	28.429784257850343	1.7628635057329343E-4
12.0	29.012403361935142	21.144931477495533	21.410034096694027	28.432431466932922	1.99596942384638E-4
13.0	28.95510884108683	21.162190056907857	21.413248044540016	28.469132536827896	3.20520637405988E-4
14.0	28.892183355404093	21.19893920489844	21.42388350205394	28.484811823645	1.8211399852612956E-4
15.0	28.783494807259725	21.250697460191557	21.46187248214649	28.50365115256453	2.840978377007621E-4
16.0	28.7418329520449	21.270751853709253	21.456270655551826	28.53107169309461	7.284559941045181E-5
17.0	28.680537750876965	21.327125606181013	21.484776595513125	28.507325484598795	2.3456283010165485E-4
18.0	28.635205934363846	21.345079132611712	21.52662493546244	28.492961789307042	1.282082549623952E-4
19.0	28.611330060701075	21.379532187308882	21.50855776989666	28.50025071998405	3.2926210933524223E-4
20.0	28.611851635192853	21.36884282405139	21.523555221903283	28.49562939515745	1.2092369502135001E-4
21.0	28.58575688457204	21.38414477066355	21.540870620883148	28.488384171840085	8.43552041173032E-4
22.0	28.591465065741843	21.38052434437285	21.539843497931464	28.488056366642738	1.1072531110388676E-4
23.0	28.56996104479588	21.398247678709414	21.547292688927175	28.483365110040708	0.0011334775268266304
24.0	28.541294844515875	21.412172843492716	21.570110844486504	28.47627140557012	1.5006193478553075E-4
25.0	28.51701977696834	21.43136620202538	21.58450367801802	28.466788365438866	3.2197754939419706E-4
26.0	28.53110665898233	21.432976089772353	21.58975001808756	28.44586273855222	3.044946055356886E-4
27.0	28.515468165700895	21.4323029964338	21.594027511684942	28.458077488661367	1.238375189977681E-4
28.0	28.509806605714715	21.440726861549624	21.612387516560354	28.43681094436948	2.680718058304627E-4
29.0	28.48449567374356	21.473556916291926	21.604037953955928	28.437720057450118	1.8939855846717473E-4
30.0	28.44988235872769	21.48902640778273	21.613015445627273	28.447995657702958	8.0130159351497E-5
31.0	28.44369776733774	21.48185257315279	21.632265623727477	28.44202086163931	1.6317414267941207E-4
32.0	28.46405228472501	21.47317229152704	21.602294030306044	28.46004286293346	4.3853050845091995E-4
33.0	28.412219726920497	21.472809520441977	21.634331524926758	28.48032453472132	3.146929894531519E-4
34.0	28.445772410008953	21.4718916658894	21.605914456596743	28.475786253878045	6.352136268591399E-4
35.0	28.451368408955663	21.479811439457308	21.587812325143243	28.48066545212656	3.4237431722912356E-4
36.0	28.442552634515007	21.477815470033462	21.615280943768937	28.463645806280297	7.051454022931737E-4
37.0	28.430865286545597	21.498678449704617	21.610924776924193	28.45941493386654	1.1655295905672292E-4
38.0	28.451109078621762	21.49590886001503	21.59977357256644	28.45293896007895	2.6952871781867174E-4
39.0	28.403781292684787	21.52179381530954	21.60707852927532	28.467174447115738	1.719156146086663E-4
40.0	28.4143555248067	21.53466372675008	21.592382546340442	28.458447850861845	1.5035124093491496E-4
41.0	28.4135952390574	21.53815973174263	21.58502043947358	28.463109046782854	1.1554294353136999E-4
42.0	28.414074190725447	21.544848857993347	21.569632037410777	28.471019967259476	4.2494661095333295E-4
43.0	28.404663610882775	21.550609847919777	21.59663643842807	28.44796824608637	1.2185668300441791E-4
44.0	28.40873062954709	21.543927227632054	21.57412705780931	28.472994444296205	2.2064071533720386E-4
45.0	28.40054811257457	21.532355627641586	21.596779120138567	28.469762984420647	5.541552246263045E-4
46.0	28.411687309746497	21.529708855997836	21.594700345007194	28.463485570789267	4.1791845920581994E-4
47.0	28.420150098314327	21.53249758939938	21.597910262844064	28.448518722633587	9.233268086385213E-4
48.0	28.391271451993234	21.551760845242722	21.60361800065543	28.45325185002704	9.785208157471398E-5
49.0	28.380002040869414	21.565628502730522	21.597583009258532	28.456579953584704	2.0649355682908434E-4
50.0	28.382436451521425	21.573383863756252	21.578392864551095	28.465161625421203	6.251947500253316E-4
51.0	28.372696644031148	21.565069268658075	21.58046613236676	28.48165906412337	1.0889082064850988E-4
52.0	28.36621674450866	21.562670616149802	21.582115793768175	28.488799538828367	1.9730674499385703E-4
53.0	28.379100464552387	21.55961544444473	21.578240259909794	28.482958451128347	8.537996473447962E-5
54.0	28.36975311271589	21.572660678865805	21.569787672846815	28.487693462206114	1.0507336537590643E-4
55.0	28.36574340720539	21.575947234328712	21.582598612052106	28.475549801724416	1.609446893720114E-4
56.0	28.372366775210654	21.56131546768308	21.58362939277515	28.482609985237296	7.837909381166608E-5
57.0	28.36532315362364	21.565914264724007	21.59506201108273	28.473433229337093	2.6734123253672695E-4
58.0	28.36950211287885	21.562403975703656	21.57964010513736	28.48833575059908	1.1805568105278061E-4
59.0	28.35963699595727	21.5698779748882	21.586182368050064	28.483544317236476	7.583438679935662E-4
60.0	28.33984832677583	21.592283558868548	21.599003264445432	28.468528940628918	3.3590928126919843E-4
61.0	28.349661109850103	21.595584451442416	21.571037073334693	28.483613783510464	1.0358186232237024E-4
62.0	28.369125347177015	21.590079597605623	21.55861353173951	28.482033444281797	1.4807919605148198E-4
63.0	28.36230993760071	21.59301531207118	21.577495095861092	28.467078665186733	1.0098928027862513E-4
64.0	28.365568599447403	21.584913985632483	21.576454818092472	28.472984384799986	7.821202765417806E-5
65.0	28.36523537054215	21.583924285567328	21.572113924976144	28.478589625305244	1.3679360913783768E-4
66.0	28.342901645104252	21.587153047923287	21.581842910641683	28.48800688472316	9.551160761810442E-5
67.0	28.35769539651944	21.57617367630407	21.598589186299076	28.467019839494323	5.219013830896201E-4
68.0	28.370739371715004	21.572446266565283	21.587524328891572	28.469135259041174	1.547737869666356E-4
69.0	28.32728101660677	21.585213029665365	21.600033161849215	28.48728973152089	1.8306035776137288E-4
70.0	28.329677053429293	21.597062315646152	21.59646049940205	28.47348780955884	0.0033123219636663785
71.0	28.34180674754484	21.604557826511968	21.564809810756174	28.488566853250653	2.5876193636856926E-4
72.0	28.327509245337033	21.605019914854477	21.580181521050612	28.487098698889717	1.90619868155737E-4
73.0	28.32750492159934	21.598364849175905	21.579946642024677	28.49404887331889	1.3471388118774537E-4
74.0	28.321864151489386	21.599577133374783	21.564074380372197	28.51414664710235	3.3768766127923437E-4
75.0	28.35013990587446	21.59988853637285	21.56964325655449	28.4800983948696	2.2990632860316285E-4
76.0	28.37154548052128	21.563963905837298	21.566991071030618	28.49721544994407	2.840926667349331E-4
77.0	28.357119766720924	21.578069681350982	21.58042470329768	28.484341563462852	4.428516756724509E-5
78.0	28.353559427846054	21.56558975553075	21.598720192471248	28.48177566084422	3.549633077281185E-4
79.0	28.373039044319576	21.571172923531023	21.57405758074262	28.481657422110285	7.30292964960861E-5
80.0	28.34642857773369	21.58165706936515	21.574690766532996	28.495330915050754	0.0018926713174107295
81.0	28.342213089383083	21.593506602998826	21.56778842486628	28.496412210576683	7.967217513180606E-5
82.0	28.33895483426331	21.58624268456543	21.561647769882534	28.51291524373048	2.3946755825227954E-4
83.0	28.34618455950065	21.576753510014342	21.550997953439357	28.525622508059527	4.4146898613192366E-4
84.0	28.350959123082518	21.574309310584976	21.564946328492166	28.509669843333207	1.1539450713491451E-4
85.0	28.358742587389564	21.562600513153143	21.5607248430688	28.517882274048922	4.978233956729737E-5
86.0	28.37223214650223	21.544461241993044	21.56212041881826	28.521088032509105	9.816017735902683E-5
87.0	28.356887643082622	21.561533769361944	21.567979170373203	28.51349943848253	9.997869969928503E-5
88.0	28.367196490215736	21.54355095790887	21.572090571806033	28.51712319463711	3.8785432249825114E-5
89.0	28.358062890189895	21.54520815194815	21.57408292705184	28.522579622228793	6.640858132335749E-5
90.0	28.348664973961153	21.57179483790949	21.568028315417294	28.51120827801118	3.035947008795057E-4
91.0	28.35197828458464	21.57223457993866	21.55261939236139	28.522918769853376	2.489732619314903E-4
92.0	28.358494242361786	21.57682678361836	21.54476419044195	28.519792444623477	1.2233895442767922E-4
93.0	28.33855320938783	21.58258985329217	21.535819362698597	28.542826646314644	2.1092830676026369E-4
94.0	28.356122080678364	21.56254948106959	21.539542730171593	28.541738173471167	4.753460929337673E-5
95.0	28.355600984047385	21.549900917646333	21.546346887415485	28.5479737558446	1.7745504620042128E-4
96.0	28.345479316080418	21.55756129778667	21.54805387690041	28.548816562467454	8.894676504815784E-5
97.0	28.350322298927193	21.549229063185464	21.53913978013091	28.56125766826794	5.118948849283416E-5
98.0	28.354515565648335	21.54381319583031	21.53660009795708	28.564918832782695	1.5230778157839038E-4
99.0	28.353592981859055	21.556183148546143	21.544459489870963	28.545719563245825	4.481647801640542E-5
100.0	28.34911449741881	21.553273580660143	21.55298897596184	28.544383278844847	2.396671143615076E-4
101.0	28.331598060812098	21.569301131927336	21.53484159059341	28.564124022302728	1.3519436443126402E-4
102.0	28.344144077068712	21.57171885870738	21.519996282670004	28.56408219611179	5.8585442113532425E-5
103.0	28.343889436913155	21.56250133265764	21.513749987953616	28.578571496448525	0.001287746027068455
104.0	28.33973355842186	21.55533216612449	21.515319110810513	28.589042563152894	5.726014902459021E-4
105.0	28.346127388948872	21.555235558458538	21.517451506764495	28.580862879554576	3.2266627352061863E-4
106.0	28.352625407378092	21.540801950720713	21.524511487335577	28.581986590913385	7.456365223614275E-5
107.0	28.369028698320385	21.535785078314934	21.511619002158305	28.58349922436857	6.799683780705778E-5
108.0	28.345477987774387	21.53943862241097	21.525254125821856	28.589617784183112	2.1147980967294665E-4
109.0	28.36103552993558	21.53886762367679	21.520044224720237	28.579943103709827	1.0951795756538499E-4
110.0	28.337178153363418	21.558967920378485	21.50980974279399	28.593999539480137	4.464398397418341E-5
111.0	28.341058275425702	21.556422277015205	21.520928678906532	28.58151495340343	7.581524912770248E-5
112.0	28.349248913494936	21.551750909786964	21.500383350319254	28.598473307785866	1.4351861298079167E-4
113.0	28.343884086806202	21.551734011202555	21.48974033769815	28.614088002869774	5.535614233143551E-4
114.0	28.349911408535068	21.5506229267247	21.474628919237766	28.624671298836613	1.6544666585522334E-4
115.0	28.366973390429095	21.52188255562442	21.48727713925715	28.623819723101786	4.7191587550698405E-5
116.0	28.374345859328827	21.51339669182238	21.484591317991203	28.62757490243691	9.122842068463386E-5
117.0	28.36960424806103	21.521721793680562	21.488110238012226	28.620509121722513	5.4598523670009904E-5
118.0	28.383198883243306	21.510941652348368	21.48316030658751	28.62228361353632	4.1554428450135114E-4
119.0	28.395706544905735	21.509141978816853	21.477871732357805	28.61715543718713	1.2430673247394052E-4
120.0	28.37762753927881	21.511767295850774	21.486078388853393	28.624391223914557	1.3555210246483308E-4
121.0	28.380615125789642	21.514425451707424	21.46746612582803	28.637378652507206	1.1464416770098695E-4
122.0	28.386839863401182	21.522224870490334	21.451928824340232	28.638855317772745	1.5112399551118555E-4
123.0	28.38691425502721	21.516019759166344	21.448435963961018	28.648537864588793	9.215725663676356E-5
124.0	28.38772353443111	21.49889617109348	21.449214792759754	28.664132822570398	3.267914525880067E-5
125.0	28.41759806616534	21.47487617797173	21.445551552230548	28.661696936705745	2.772669266396768E-4
126.0	28.424508691811667	21.463672725929037	21.448160798222574	28.66363212327956	2.56607571653632E-5
127.0	28.432200770875323	21.46276726426779	21.437526810500234	28.66720864118215	2.965131745039335E-4
128.0	28.44232805180561	21.464593043856336	21.420333377177258	28.672714069081795	3.145807900093286E-5
129.0	28.447101304535405	21.4442143737535	21.414160230180933	28.693536728402215	9.873631279485387E-4
130.0	28.46906440420644	21.437470506807653	21.41252542290983	28.68092284286476	1.6823211321123982E-5
131.0	28.49747634844243	21.424586095980676	21.410711194594807	28.66700836171881	2.1799926327524836E-4
132.0	28.48861468517125	21.424030083725288	21.413080921544974	28.674210069435258	6.424012323220628E-5
133.0	28.51519214056427	21.387192093292988	21.408386271120293	28.689145896293226	8.35987292157172E-5
134.0	28.5341497180302	21.3803487516211	21.349254332988032	28.736220446186277	2.6751174390886746E-5
135.0	28.528196485561143	21.37004174036339	21.3346826876224	28.766811957351972	2.671291010923178E-4
136.0	28.53025729918735	21.346220185116078	21.30452697450012	28.818982009460807	1.3531735641306165E-5
137.0	28.527608513108955	21.342069493461445	21.275737468367893	28.85428702843747	2.974966242396944E-4
138.0	28.519724649244267	21.323961199899617	21.281300727770834	28.874980170997883	3.3252087399786525E-5
139.0	28.527206595093592	21.330747542254134	21.30574984759927	28.83616810431125	1.2791074175911432E-4
140.0	28.48104982974151	21.353657873479502	21.317450989423154	28.84783338679055	7.920565284407896E-6
141.0	28.491366840194026	21.393773259065117	21.308025498447478	28.80682642909512	7.97319825353471E-6
142.0	28.643038034936623	21.344729865453328	21.362234681284423	28.649802764291966	1.94654033660017E-4
143.0	28.570340327651067	21.31194277593465	21.391012589133577	28.72648411900114	2.201882795637258E-4
144.0	28.213414934430347	21.682466491528398	21.171054721124527	28.93295604339207	1.0780952465417706E-4
145.0	28.333035258283566	21.53279614268351	21.307240396605756	28.826879035408652	4.9167018518142944E-5
146.0	28.27002359859182	21.58311011386643	21.145462751621597	29.001308625736648	9.491018350161837E-5
147.0	28.446491684861208	21.440029701030824	21.071387616787504	29.04208271020249	8.287117975515088E-6
148.0	28.7419619358938	21.102577926618714	20.822562152835182	29.332897984652302	0.0
149.0	28.60665357607895	21.639961929988914	19.996519277690965	29.75659539280636	2.6982343480873826E-4
150.0	27.452858705240086	21.148480607298364	21.33649188705268	30.062168800408873	0.0
