# Position (bp)	A	C	G	T	N
0.0	27.93220692622186	22.673492950543995	24.89746439014073	24.49608261808565	7.531150077649295E-4
1.0	27.27012683455179	21.883799802974842	23.144799596809612	27.696993276765458	0.004280488898300291
2.0	27.269258898032422	21.866619366860206	23.213732441687004	27.6502566424815	1.3265093886768645E-4
3.0	26.558122207002388	22.783394253395873	23.630737071090664	27.02706538438947	6.810841216055945E-4
4.0	27.624872530292695	22.93376764296712	22.72294892907474	26.718341719487654	6.917817779658917E-5
5.0	27.3907842742854	22.732254463754014	22.80254805052044	27.07433618831435	7.702312579414052E-5
6.0	27.779924361578846	21.997431022011014	23.197754422147263	27.024739000719656	1.511935432255351E-4
7.0	27.2150916716406	22.63530160416064	22.667207007666683	27.482297732208107	1.0198432396816754E-4
8.0	27.713002676097187	22.321831745720303	22.885091166996492	27.079989543112227	8.486807379169187E-5
9.0	27.56985876269423	22.34757315963154	22.807646553541755	27.274382362251913	5.391618805589836E-4
10.0	27.447743588987255	22.396299557998514	22.906675471646118	27.248544669433432	7.367119346791403E-4
11.0	27.591617082553988	22.383627827451196	22.794931319191907	27.229514965122647	3.0880568026724856E-4
12.0	27.581656851305457	22.36017499882397	22.837426689317553	27.22067085602104	7.060453197796215E-5
13.0	27.63106219426276	22.358755063236412	22.804311737465703	27.205641362011917	2.296430232010486E-4
14.0	27.580213380873907	22.34142272040146	22.770474337220996	27.307806832961116	8.27285425196324E-5
15.0	27.53090716953221	22.390387319916723	22.887088062850413	27.191549695877043	6.77518236152162E-5
16.0	27.49758325679279	22.430134818711952	22.923232590983496	27.148975876271418	7.345724034070808E-5
17.0	27.46292570289379	22.50996144364958	22.913253103953522	27.113543098874842	3.166506282647999E-4
18.0	27.440598267715664	22.504566972135628	22.955892535851483	27.09881599195217	1.2623234505150806E-4
19.0	27.408745639314336	22.529048202127626	22.973068692903578	27.08887572966218	2.6173599228194045E-4
20.0	27.39093832053699	22.58387440415124	22.876846126651067	27.148276962722544	6.418593816178377E-5
21.0	27.339913352406732	22.555560560473893	22.93805027139669	27.16622335103258	2.524646901030161E-4
22.0	27.296929455973967	22.647202390272927	22.91319177072372	27.142257034900062	4.1934812932365394E-4
23.0	27.36111610731284	22.607702363928166	22.844482863452804	27.18616663519654	5.320301096521188E-4
24.0	27.39288386764038	22.53011154916984	22.896209597840294	27.180634520504082	1.604648454044594E-4
25.0	27.419973899430104	22.493727393534286	22.874569665377596	27.211408111967206	3.209296908089188E-4
26.0	27.391033173090047	22.523798505563082	22.95457815047335	27.13038905493395	2.0111593957358913E-4
27.0	27.381699824504235	22.54334098420207	23.006094497619088	27.068677128099754	1.875655748505459E-4
28.0	27.376806003307948	22.570312628594742	22.99469364864737	27.057794758872973	3.9296057696825397E-4
29.0	27.357996670718176	22.667428092564794	22.943845548435608	27.030547828123296	1.81860158125054E-4
30.0	27.354833730320983	22.655927398800387	22.928542194423656	27.06057614952665	1.2052692832601619E-4
31.0	27.347992935667122	22.629778047593273	22.9730594216014	27.048878618885208	2.909762530000864E-4
32.0	27.42860262905032	22.656186282084303	22.847246424679213	27.067908323195994	5.634099016423241E-5
33.0	27.395909164859074	22.602944046379104	22.941402916900007	27.05966542238184	7.844947997551348E-5
34.0	27.448739184205856	22.59278055965973	22.929008612240967	27.029367520038207	1.04123855240227E-4
35.0	27.440211012555427	22.57122264256246	22.93267719519546	27.05570728952853	1.81860158125054E-4
36.0	27.413500390977948	22.61778597481338	22.987488420500167	26.981059043446376	1.661702621299513E-4
37.0	27.376906561277732	22.636573198913336	22.96439431994956	27.02196260230561	1.6331755376720536E-4
38.0	27.38207923471648	22.638212793044822	23.009074864681065	26.970365666148627	2.6744140900743235E-4
39.0	27.30940363646716	22.743275189336394	23.006935333409007	26.940280290578016	1.0555020942159997E-4
40.0	27.327404534121403	22.769497418524896	22.937323523797474	26.96569664302919	7.78805270416766E-5
41.0	27.330971877806704	22.71717677706334	22.92128168827195	27.030472300077424	9.735678058765354E-5
42.0	27.295543601228715	22.718983562437213	22.938392145718087	27.046995342184672	8.534843131304559E-5
43.0	27.37071498780697	22.667291533776417	22.876977706917348	27.08484331507523	1.7245642403413086E-4
44.0	27.398361160616176	22.678221000423513	22.84047744279441	27.08283672482835	1.036713375547822E-4
45.0	27.37347535513836	22.61061622290028	22.934250601309213	27.081504907072507	1.5291357964263247E-4
46.0	27.388755173773355	22.640804083486042	22.913321891776857	27.057016954885864	1.0189607788121024E-4
47.0	27.362236943319225	22.57542250072852	22.948285630910036	27.1138934613406	1.6146370161675922E-4
48.0	27.30292055293052	22.65593311798741	23.025150310074103	27.015822638436187	1.7338057177691612E-4
49.0	27.29980716458527	22.7138535067519	22.956087287168753	27.030150280613626	1.017608804514194E-4
50.0	27.334732324960235	22.70057310706424	22.922954906222063	27.041450532641733	2.891291117264002E-4
51.0	27.30234579213745	22.720593603802126	22.907200001693028	27.06960227008399	2.5833228340233687E-4
52.0	27.290042451028295	22.71021824223839	22.862350496342064	27.137227202503627	1.6160788762322774E-4
53.0	27.279504153459172	22.719799373581743	22.84027857071849	27.160284542873363	1.3335936723119862E-4
54.0	27.244680894647306	22.699272336928296	22.908618988154988	27.147315447382752	1.1233288665959748E-4
55.0	27.276921100699376	22.718491657520936	22.866138237698898	27.13834159692822	1.074071525674536E-4
56.0	27.322153498070307	22.6918357314466	22.896905688282548	27.088981981698417	1.2310050212473677E-4
57.0	27.299652441426364	22.676400593511875	22.92944395798594	27.094432099064164	7.090801165692257E-5
58.0	27.349086684464208	22.665432509292668	22.89565391393411	27.08965592153072	1.7097077829628552E-4
59.0	27.2696048419186	22.6427408860806	22.96141498774205	27.126093916933698	1.4536732505950975E-4
60.0	27.214411698548986	22.77516508187404	22.946513150268252	27.063770349859134	1.397194495880112E-4
61.0	27.246035986096768	22.76839150036431	22.841529093425248	27.1430790059823	9.644141313733419E-4
62.0	27.269147036363638	22.739231589211013	22.818955775036525	27.172555894395558	1.0970499327277041E-4
63.0	27.241598115383887	22.728826118743637	22.84553316037562	27.183906487419	1.361180778553822E-4
64.0	27.297554008084347	22.662482977716774	22.84112175872042	27.198744563512978	9.669196548231752E-5
65.0	27.30232797553028	22.63772656516943	22.866345957921034	27.19314425934841	4.552420308530295E-4
66.0	27.276935315402845	22.62977055907422	22.94158524816085	27.15164562940463	6.324795745050888E-5
67.0	27.329741137676578	22.6381826500521	22.89644061060091	27.135519378041174	1.1622362923587582E-4
68.0	27.28426531972799	22.66002792641599	22.8791171270991	27.17641185171864	1.7777503827704608E-4
69.0	27.234359053260704	22.721301831369562	22.86845458330733	27.175790503291275	9.402877113571514E-5
70.0	27.224829974895613	22.73493371608716	22.862611311903734	27.17723126124741	3.9373586607957756E-4
71.0	27.24036511699439	22.73944981923352	22.835058667434687	27.185058583239773	6.781309762435251E-5
72.0	27.264482760375074	22.73469755247835	22.818851080965672	27.181896797614474	7.180856642890545E-5
73.0	27.318474189458563	22.72672612113236	22.776370643894737	27.17825443231856	1.7461319577652954E-4
74.0	27.325115960959927	22.696165353746363	22.786236791914373	27.192317609291276	1.6428408805967972E-4
75.0	27.35597842876575	22.66899547763816	22.790724955979833	27.1842149928491	8.614476715803975E-5
76.0	27.36532067178973	22.649548428383003	22.81943861882022	27.165502713561658	1.895674453884124E-4
77.0	27.367460697054728	22.64740579205394	22.831653455187517	27.1533187193472	1.613363566068284E-4
78.0	27.30567647488557	22.670444655147733	22.862405809835305	27.161363261558265	1.0979857312578784E-4
79.0	27.309172287798795	22.711206784082083	22.855238512746062	27.1239657335423	4.166818307614835E-4
80.0	27.289752262957318	22.718833012033922	22.83344763558641	27.157856932284126	1.101571382267751E-4
81.0	27.284726514478606	22.749542986552825	22.789922162140087	27.17573607436712	7.226246136231088E-5
82.0	27.28459619540155	22.720873270258622	22.74931916145943	27.24488215424301	3.292186373892766E-4
83.0	27.30477836644315	22.719241526913525	22.711249838145108	27.26468037404097	4.989445724111671E-5
84.0	27.290714332263217	22.72836726982605	22.73216102140475	27.248698025925506	5.935058048186658E-5
85.0	27.365275120849823	22.643799626940247	22.69884110151041	27.291685957024935	3.9819367458160957E-4
86.0	27.33511534959931	22.64828728128981	22.7472515828865	27.26921882552007	1.2696070431403696E-4
87.0	27.31449605542998	22.68318495559613	22.773230194293273	27.22899378954574	9.500513487050648E-5
88.0	27.34244489169087	22.64250044467799	22.764979130715915	27.25003069342068	4.483949455128162E-5
89.0	27.291170665100505	22.64656673610797	22.808852351681644	27.25261020485504	8.000422548425592E-4
90.0	27.222552589370107	22.750865735818756	22.796123020611823	27.230277786182743	1.80868016572344E-4
91.0	27.26389445523233	22.765802309635465	22.72990739128477	27.24034202600451	5.3817842921181236E-5
92.0	27.264537508834913	22.731594906386484	22.697105075715477	27.30668478460741	7.772445571685222E-5
93.0	27.264904050797856	22.76612370602404	22.67783493710238	27.291045906543598	9.139953212817937E-5
94.0	27.27697268904566	22.713873380928245	22.700135118140338	27.30894951522165	6.929666410877014E-5
95.0	27.301737941473075	22.675111459085702	22.70219653082286	27.3207896166973	1.644519210638762E-4
96.0	27.329735677130547	22.655162385472106	22.710258253610842	27.304756472598356	8.721118814890524E-5
97.0	27.349688112381052	22.62195649926152	22.734428529115885	27.29383142570652	9.543353502181775E-5
98.0	27.316209936492648	22.63832787904748	22.748486450044012	27.296871235658337	1.0449875752183061E-4
99.0	27.282491623043974	22.667637164287306	22.75654662252719	27.293210168739577	1.1442140195273982E-4
100.0	27.280108134817695	22.698962618588496	22.722698855993325	27.297772386632186	4.5800396830147265E-4
101.0	27.268131440793315	22.704880322809302	22.710350692396542	27.316463431571346	1.741124294976257E-4
102.0	27.274674225063645	22.75275726163898	22.638601551714515	27.33385735417443	1.0960740842806438E-4
103.0	27.327980029728423	22.67572346603212	22.605119752590365	27.391129537064167	4.721458492392554E-5
104.0	27.322810880410525	22.636460398307744	22.64097919104109	27.399699738629955	4.979161068171424E-5
105.0	27.29736396117488	22.64902466707532	22.664844429534796	27.388664625750604	1.0231646439874884E-4
106.0	27.349340641205572	22.593046033461484	22.65203268775763	27.405479669576234	1.0096799908744629E-4
107.0	27.361086201971567	22.579678803058087	22.674587838905445	27.384453682579263	1.934734856361003E-4
108.0	27.314921761118327	22.62114461160218	22.715244023859064	27.34862519249165	6.441092877735125E-5
109.0	27.329433469396925	22.633381205458257	22.704983550909915	27.332125567159764	7.620707513277902E-5
110.0	27.283390147671412	22.667604208571294	22.70199254495303	27.34695243745647	6.0661347796594124E-5
111.0	27.27044425997925	22.702284602133552	22.68456292694079	27.342408917471587	2.992934748178347E-4
112.0	27.282319904537246	22.692562610418335	22.64563676599216	27.379343535885255	1.371831670064111E-4
113.0	27.29686165799118	22.660940804689144	22.603008528419043	27.43904464194683	1.44366953803305E-4
114.0	27.306744174093257	22.659765610779093	22.58346984842045	27.449813995754553	2.0637095264655923E-4
115.0	27.329601843565392	22.609649438536266	22.591824065862763	27.468684556904478	2.4009513110153695E-4
116.0	27.344798025956134	22.593280808258854	22.601288729728374	27.460570490706708	6.194534992847562E-5
117.0	27.386353155042702	22.579785092699186	22.63387428430931	27.399886952584378	1.0051536442083882E-4
118.0	27.384876092560184	22.566965721997008	22.62669138180229	27.42129234224987	1.7446139065090143E-4
119.0	27.351866785016327	22.600156778668072	22.629086727764378	27.418743732137745	1.459764134745847E-4
120.0	27.383021182723816	22.57558173751324	22.638824868773437	27.402485980546842	8.623044266613318E-5
121.0	27.3317790770878	22.62298595348561	22.629792352519193	27.415141226544282	3.0139036311069257E-4
122.0	27.336935321528372	22.634230973415043	22.584124434382076	27.44425340869706	4.558619774511353E-4
123.0	27.331500189755648	22.637225810826823	22.571732340783537	27.459457752035775	8.39065982164796E-5
124.0	27.374549642260348	22.590190048390607	22.55031663050789	27.484753094442905	1.9058439825000664E-4
125.0	27.448716765943786	22.528846714339878	22.511761806372242	27.51052112923651	1.5358410758259568E-4
126.0	27.42761092427245	22.560325227921727	22.51259863373397	27.49930284853913	1.6236553272530547E-4
127.0	27.46363650392708	22.51209068794246	22.554871166613903	27.469031452424858	3.701890916960164E-4
128.0	27.466948294922954	22.49977435665004	22.589114053433818	27.44394263005942	2.2066493377118757E-4
129.0	27.480545833479024	22.515672506985155	22.571263443429785	27.432349520892966	1.6869521307215777E-4
130.0	27.474321644791917	22.513308147894335	22.56051575928476	27.451667508755495	1.8693927349390854E-4
131.0	27.443515880334417	22.53981868466888	22.544439501330157	27.472145587516337	8.034615020599566E-5
132.0	27.435536953304286	22.54912635138089	22.52071781540922	27.494397447868053	2.214320375553146E-4
133.0	27.479664338473597	22.537001105943343	22.500351184868617	27.482907538827085	7.583188736412337E-5
134.0	27.475886755625524	22.49917245698545	22.454672238975807	27.570184770155283	8.377825794096872E-5
135.0	27.506581756100353	22.484139254203548	22.429637842906704	27.57956710232617	7.40444632315347E-5
136.0	27.592149203680176	22.38332946806809	22.376986557427294	27.64737810914219	1.566616822456014E-4
137.0	27.543118198163747	22.404799420457156	22.40316651450131	27.648804661990223	1.1120488756316187E-4
138.0	27.553938149787953	22.388626326250474	22.415044292796242	27.642296443593274	9.47875720510016E-5
139.0	27.554907423332146	22.43746183241033	22.39747652025443	27.609299449439316	8.547745637728923E-4
140.0	27.567795365176313	22.477838084752175	22.415729373425865	27.538118890962764	5.182856828801857E-4
141.0	27.551599007933742	22.388999249407302	22.39288642587976	27.66646139629849	5.392048070245799E-5
142.0	27.3808719577526	22.48755698208508	22.327934032071088	27.803539150244106	9.78778471219805E-5
143.0	27.786871340815466	22.247405129851966	22.634061351381945	27.331490641014582	1.715369360411569E-4
144.0	27.32830618884184	22.771012423419013	22.019073777674855	27.88156937654389	3.8233520401899495E-5
145.0	27.380000247901435	22.415986105987244	22.682396909674065	27.521569024039138	4.771239811030073E-5
146.0	27.138800039207094	22.258525127067657	22.780896238838004	27.82175502061104	2.357427620489125E-5
147.0	27.499404960624553	23.092687715258517	22.60311057794171	26.804303652392075	4.930937831468241E-4
148.0	28.100781826384573	22.666071624533927	21.528132811398034	27.704954676943817	5.906073964997062E-5
149.0	28.154562675025996	22.644387783327907	21.45904251236164	27.739689330197777	0.0023176990866796855
150.0	25.26878176489653	24.236697159820515	21.993333117945454	28.500250428728503	9.375286090026723E-4
