19
LTJA_MKP990_c                         0.0000000 0.5640680 0.5619668 1.0183497 1.0036964 1.0026835 1.0021544 1.0063041 0.9895726 0.9857946 0.9905333 0.9988255 0.9883993 0.9916879 0.9914763 1.0012687 8.9999982 8.9999983 6.2544411 
PAJA_B20730_c                         0.5640680 0.0000000 0.0086178 1.0703383 1.0663056 1.0622977 1.0724467 1.0686808 1.0509176 1.0363960 1.0519556 1.0545050 1.0451820 1.0522263 1.0500238 1.0593129 8.9999989 8.9999987 6.9174055 
PAJA_USNM606730                       0.5619668 0.0086178 0.0000000 1.0740610 1.0744689 1.0647005 1.0759050 1.0721394 1.0532794 1.0443461 1.0543176 1.0581760 1.0531700 1.0602550 1.0536836 1.0674005 8.9999988 8.9999986 6.7456278 
POJA_MKP1559                          1.0183497 1.0703383 1.0740610 0.0000000 0.0091447 0.0060799 0.0251249 0.0258744 0.0665221 0.0619001 0.0665624 0.0669630 0.0656592 0.0664219 0.0645964 0.0680410 8.9999983 8.9999982 6.2065761 
POJA_IB2659                           1.0036964 1.0663056 1.0744689 0.0091447 0.0000000 0.0049499 0.0230043 0.0237463 0.0615396 0.0573356 0.0615762 0.0626178 0.0612862 0.0620450 0.0597555 0.0628706 8.9999989 8.9999983 6.1257365 
POJA_4                                1.0026835 1.0622977 1.0647005 0.0060799 0.0049499 0.0000000 0.0213738 0.0221087 0.0604607 0.0578361 0.0604964 0.0616624 0.0597432 0.0605032 0.0587465 0.0620483 8.9999987 8.9999982 6.0843052 
GRSK_MKP1592                          1.0021544 1.0724467 1.0759050 0.0251249 0.0230043 0.0213738 0.0000000 0.0011037 0.0685174 0.0647897 0.0685591 0.0691387 0.0692657 0.0701158 0.0674664 0.0695244 8.9999982 8.9999983 6.1047571 
GRSK_MKP1593                          1.0063041 1.0686808 1.0721394 0.0258744 0.0237463 0.0221087 0.0011037 0.0000000 0.0686529 0.0649133 0.0686947 0.0692519 0.0686986 0.0702263 0.0676042 0.0696582 8.9999985 8.9999983 6.1183946 
CISK55                                0.9895726 1.0509176 1.0532794 0.0665221 0.0615396 0.0604607 0.0685174 0.0686529 0.0000000 0.0084852 0.0000028 0.0028999 0.0091952 0.0080003 0.0068122 0.0035792 8.9999988 8.9999981 5.7259152 
CISK2                                 0.9857946 1.0363960 1.0443461 0.0619001 0.0573356 0.0578361 0.0647897 0.0649133 0.0084852 0.0000000 0.0084889 0.0087236 0.0094331 0.0087134 0.0070637 0.0089521 8.9999989 8.9999983 5.7708771 
CISK3                                 0.9905333 1.0519556 1.0543176 0.0665624 0.0615762 0.0604964 0.0685591 0.0686947 0.0000028 0.0084889 0.0000000 0.0029014 0.0091995 0.0080039 0.0068153 0.0035802 8.9999989 8.9999982 5.7329548 
CHSK_MKP2451                          0.9988255 1.0545050 1.0581760 0.0669630 0.0626178 0.0616624 0.0691387 0.0692519 0.0028999 0.0087236 0.0029014 0.0000000 0.0096642 0.0091713 0.0075203 0.0038077 8.9999990 8.9999985 5.7739889 
ANSK8                                 0.9883993 1.0451820 1.0531700 0.0656592 0.0612862 0.0597432 0.0692657 0.0686986 0.0091952 0.0094331 0.0091995 0.0096642 0.0000000 0.0051797 0.0068267 0.0091823 8.9999987 8.9999982 5.8027780 
ANSK01                                0.9916879 1.0522263 1.0602550 0.0664219 0.0620450 0.0605032 0.0701158 0.0702263 0.0080003 0.0087134 0.0080039 0.0091713 0.0051797 0.0000000 0.0056570 0.0089434 8.9999988 8.9999983 5.8576107 
ANSK7                                 0.9914763 1.0500238 1.0536836 0.0645964 0.0597555 0.0587465 0.0674664 0.0676042 0.0068122 0.0070637 0.0068153 0.0075203 0.0068267 0.0056570 0.0000000 0.0077582 8.9999986 8.9999980 5.7371829 
ANSK_NC_026125_1_FromNCBI_NotComplete 1.0012687 1.0593129 1.0674005 0.0680410 0.0628706 0.0620483 0.0695244 0.0696582 0.0035792 0.0089521 0.0035802 0.0038077 0.0091823 0.0089434 0.0077582 0.0000000 8.9999988 8.9999987 5.8434129 
Alca_torda                            8.9999982 8.9999989 8.9999988 8.9999983 8.9999989 8.9999987 8.9999982 8.9999985 8.9999988 8.9999989 8.9999989 8.9999990 8.9999987 8.9999988 8.9999986 8.9999988 0.0000000 3.2359144 3.7631676 
NC_029328.1                           8.9999983 8.9999987 8.9999986 8.9999982 8.9999983 8.9999982 8.9999983 8.9999983 8.9999981 8.9999983 8.9999982 8.9999985 8.9999982 8.9999983 8.9999980 8.9999987 3.2359144 0.0000000 4.0741565 
NC_045517.1                           6.2544411 6.9174055 6.7456278 6.2065761 6.1257365 6.0843052 6.1047571 6.1183946 5.7259152 5.7708771 5.7329548 5.7739889 5.8027780 5.8576107 5.7371829 5.8434129 3.7631676 4.0741565 0.0000000 
