# Position (bp)	A	C	G	T	N
0.0	28.24529971526844	21.42480728768771	25.16372814793883	25.165590849901054	5.739992039674675E-4
1.0	26.257228313271096	22.73499308433459	24.26592816575144	26.73829182794165	0.0035586087012203873
2.0	26.82434045860785	22.72307607813404	23.899043901825934	26.553398857081856	1.407043503231942E-4
3.0	25.567078134020278	23.818201332121696	24.65451071776718	25.95960133966196	6.08476428881098E-4
4.0	26.70156333342285	23.923043777633378	23.73189924726154	25.643447050837747	4.659084447787886E-5
5.0	26.31170791953597	23.704933398294635	23.76123936566304	26.22202706663428	9.224987206620014E-5
6.0	26.78593562550473	22.940373913145088	24.20282366235682	26.070715844657254	1.5095433610832752E-4
7.0	26.125233655414597	23.809064867519584	23.462647961573214	26.60293517474763	1.1834074497381232E-4
8.0	26.758681845118947	23.366907503438732	23.844023841765114	26.030297355255804	8.945442139752742E-5
9.0	26.602414289106363	23.369378681829836	23.73491833398371	26.292831172987313	4.5752209277277045E-4
10.0	26.45823892086957	23.437807586931385	23.86193615783308	26.24139488068374	6.224536822244616E-4
11.0	26.586537992942084	23.368523273925224	23.788376668937627	26.256268541874856	2.935223202106368E-4
12.0	26.59533713983018	23.401863682233593	23.76010441269156	26.242637924414407	5.684083026301221E-5
13.0	26.57846193596029	23.442520716758768	23.766402563048082	26.212371580024683	2.4320420817452765E-4
14.0	26.547530274311427	23.422308676607376	23.705258602389094	26.324827901340942	7.454535116460618E-5
15.0	26.504182152609207	23.4830836377781	23.791898936780157	26.22075513658004	8.013625250195165E-5
16.0	26.462558823969555	23.547062185415125	23.820943669227663	26.16937195783916	6.336354848991525E-5
17.0	26.419281520350946	23.61339263888139	23.814474064563466	26.152564776602212	2.8699960198373377E-4
18.0	26.444662348788718	23.57548353236352	23.83422578717142	26.14553328635361	9.504532273487288E-5
19.0	26.424465217707553	23.5977399787706	23.824103460300154	26.153467707168193	2.2363605349381852E-4
20.0	26.37971657522033	23.610165756992853	23.853820032725036	26.156211907907938	8.572715383929711E-5
21.0	26.36895315832905	23.601622859749387	23.874040459228436	26.155062977683112	3.205450100078066E-4
22.0	26.3480236191727	23.638028013807514	23.847479950608484	26.166054689712336	4.137266989635643E-4
23.0	26.3237339483126	23.67406789564493	23.84262704824767	26.159051153970424	5.199538243731281E-4
24.0	26.305483382713728	23.64937195262099	23.865614970913057	26.179365693979666	1.639997725621336E-4
25.0	26.319170841004436	23.65744800960278	23.86074250039756	26.162333013055445	3.0563593977488536E-4
26.0	26.332720390395497	23.671847375997114	23.861260590588156	26.13396757512042	2.040678988131094E-4
27.0	26.33968665346183	23.662098707698565	23.883955922750218	26.114074216345255	1.8449974413240028E-4
28.0	26.34955645795602	23.654120491490175	23.888183575978143	26.107749043298938	3.904312767246249E-4
29.0	26.334698637652025	23.71912683315638	23.870696168411815	26.075316224641	1.6213613878301845E-4
30.0	26.327452829518826	23.703547786579865	23.889184347317528	26.079688309486805	1.267270969798305E-4
31.0	26.307296698380807	23.708447279785158	23.917448217211586	26.066561804963605	2.459996588432004E-4
32.0	26.358596945418512	23.71412670372701	23.861515908415893	26.06570732887588	5.311356270478191E-5
33.0	26.300033185726708	23.723520349790643	23.899371901371058	26.077013995013775	6.056809782124252E-5
34.0	26.325214605350112	23.737929034353872	23.888189166879478	26.048579602628923	8.759078761841227E-5
35.0	26.31828654677625	23.750119062903064	23.88085390432488	26.050571827138796	1.6865885700992147E-4
36.0	26.308224788002804	23.733035132049913	23.912516110415158	26.046088856083138	1.351134489858487E-4
37.0	26.26530996115423	23.748618837710875	23.933938580706087	26.051959302487347	1.7331794145770938E-4
38.0	26.296390713505424	23.760083912719992	23.91175854328395	26.03153573990203	2.3109058861027915E-4
39.0	26.25528174778881	23.78670778488843	23.940657912296686	26.017239805182435	1.1274984363646685E-4
40.0	26.269195882901244	23.788938434007953	23.90275112884247	26.039044517965525	7.003628280990908E-5
41.0	26.244461404002056	23.777588537332242	23.93231715244544	26.04554867827068	8.422794958137399E-5
42.0	26.23948699760633	23.80151010666807	23.897080446998476	26.061840851251134	8.159747599310811E-5
43.0	26.22404136849613	23.809724550968443	23.91613174979781	26.049933143968225	1.6918676939160947E-4
44.0	26.23609645737347	23.808975923939542	23.873963614297526	26.08085850030446	1.0550408500042113E-4
45.0	26.229253723700786	23.802319703317597	23.895280293298963	26.07300089748021	1.4538220244671827E-4
46.0	26.249882362259864	23.788022369634085	23.879127696252983	26.082882421382674	8.515047038964771E-5
47.0	26.232094800515267	23.77831902376369	23.91535670176221	26.0740682765878	1.6119737103776507E-4
48.0	26.22637055236706	23.77966454333237	23.94708677458361	26.04671182127708	1.6630843987107426E-4
49.0	26.220910913485802	23.823113490016397	23.920532960838493	26.035349290969933	9.334468938154438E-5
50.0	26.24075194425506	23.819301689267807	23.884432624021734	26.055202526849243	3.1121560615286997E-4
51.0	26.238275518088543	23.810205560884825	23.891690249672866	26.059599977991855	2.2869336191202962E-4
52.0	26.205159301233046	23.815546808968584	23.884783943997974	26.094332503221786	1.774425786224087E-4
53.0	26.18871836299733	23.820946105778617	23.88567136774052	26.104542065743214	1.2209774031789194E-4
54.0	26.170907544299453	23.836004421576764	23.892017073528958	26.100967854453906	1.0310614091117345E-4
55.0	26.185840666852116	23.83623805044178	23.88005261031055	26.097782712254734	8.59601408235729E-5
56.0	26.216854041911088	23.79708957622892	23.907882457491763	26.07808195757382	9.196679441112563E-5
57.0	26.185202135880797	23.823456174211525	23.892901196814634	26.098374510230073	6.598286296964298E-5
58.0	26.22408605090602	23.798515944317742	23.86813296859418	26.109079263693562	1.8577248849893223E-4
59.0	26.191486121759315	23.785615734369404	23.9270272379059	26.095747087419763	1.2381854561780868E-4
60.0	26.18339462298232	23.804245942255964	23.929171320959227	26.083041524475835	1.465893266591278E-4
61.0	26.192971340397335	23.832645858655678	23.86965370397799	26.103837672123365	8.914248456365636E-4
62.0	26.190753244863796	23.84263159842128	23.86482007771035	26.101685098933753	1.0998007082559447E-4
63.0	26.16687106959627	23.83249202724229	23.877182547530353	26.123354931799092	9.942383200278325E-5
64.0	26.202250428011926	23.8164141376834	23.867473875948797	26.1137875415719	7.40167839867234E-5
65.0	26.183450680280234	23.8038394836206	23.896549899135124	26.11571666838186	4.4326858218258385E-4
66.0	26.179898743983255	23.816049697896023	23.899712785798783	26.104276272772083	6.24995498544326E-5
67.0	26.19271125220078	23.804582673098686	23.895475151654324	26.107120511617516	1.104114286929522E-4
68.0	26.224077963252363	23.806681014805502	23.865985728847544	26.103099697887966	1.5559520662235542E-4
69.0	26.19570200733548	23.824572977142235	23.856649698835668	26.122976302111674	9.901457494543197E-5
70.0	26.184802315921928	23.830815691426928	23.85668223259059	26.12735576876018	3.4399130036975357E-4
71.0	26.191516544224218	23.854765369758365	23.840254722846492	26.113396989708022	6.63734628999646E-5
72.0	26.209922738099728	23.82442644132556	23.834129542370082	26.1314234402835	9.783792113501026E-5
73.0	26.202415714084808	23.85539432153426	23.827278558067064	26.114745513699784	1.6589261408958542E-4
74.0	26.198364454173618	23.843462503691228	23.822708267020428	26.135301475725427	1.6329938930694096E-4
75.0	26.22340861304286	23.83413520423669	23.79854856182639	26.14381410825227	9.351264179108422E-5
76.0	26.221080128794956	23.830474296536917	23.831578426718185	26.11667260102687	1.9454692308304233E-4
77.0	26.229496318393767	23.837470505211382	23.821736957721377	26.111117625509383	1.785931640884498E-4
78.0	26.24486508303906	23.82861772391849	23.812853370121122	26.1135564711379	1.0735178343108855E-4
79.0	26.230215123617146	23.831459399581536	23.827089889156706	26.110844318778625	3.912688659834996E-4
80.0	26.233826541482568	23.826536557311925	23.80187950175961	26.137657868260362	9.953118554201381E-5
81.0	26.22725096099282	23.84571772984536	23.778559376535622	26.148386614976506	8.531764968788901E-5
82.0	26.198911609017074	23.820145500090938	23.800545696910735	26.180152106335747	2.450876455045705E-4
83.0	26.212229377948653	23.824785881697625	23.781492914898205	26.181449527017836	4.2298437679349246E-5
84.0	26.208732849231502	23.81986961616923	23.7853626757987	26.18599868258631	3.617621425695715E-5
85.0	26.21609072653795	23.8045793561284	23.77752013169948	26.20144007599656	3.6970963761050966E-4
86.0	26.20664655905981	23.808199483663817	23.77757974753022	26.207451768156687	1.2244158947321093E-4
87.0	26.213293217324697	23.812917474422857	23.778318550306327	26.195350146238056	1.2061170806339488E-4
88.0	26.229927480123127	23.787360243931953	23.774565327623105	26.208090684031855	5.626428995747649E-5
89.0	26.22301023760518	23.795105841382384	23.77222814384716	26.208862174074	7.936030912761761E-4
90.0	26.189282242102646	23.816303121945356	23.77308431379653	26.221163922889286	1.6639926618551535E-4
91.0	26.214342832485166	23.827920229701277	23.756113144655135	26.201573445649956	5.034750846805758E-5
92.0	26.21412146044416	23.813550604901824	23.735322167139987	26.236935328382604	7.043913142285027E-5
93.0	26.205981985891704	23.835974894429178	23.739253781975478	26.218699768433932	8.956926970665399E-5
94.0	26.218142169520338	23.82268107933256	23.73052350345105	26.228576138992725	7.710870332905947E-5
95.0	26.21731372376481	23.801938148133207	23.759045261329785	26.221557797389323	1.4506938287378636E-4
96.0	26.239818867202224	23.794582781410416	23.72595993932079	26.23955986100751	7.855105905350793E-5
97.0	26.226368899337025	23.780503807051527	23.748798686468092	26.244226442415375	1.0216472798098424E-4
98.0	26.24048557160296	23.76305402328707	23.731133119015798	26.265224859233754	1.0242686041987651E-4
99.0	26.22848330094324	23.766725100843406	23.748673431218016	26.256033653430066	8.451356527236187E-5
100.0	26.226527306154328	23.784364088794106	23.738363539134518	26.250260217291775	4.8484862527125645E-4
101.0	26.216446086627283	23.78045437388049	23.72925039022304	26.273699631313463	1.4951795572424814E-4
102.0	26.234405024539402	23.788557213554682	23.686559873148603	26.290372176382004	1.0571237530982625E-4
103.0	26.228854818484702	23.7900584792285	23.680896199737234	26.300150475551032	4.002699853505513E-5
104.0	26.237652843337116	23.761173153867585	23.701523612581507	26.299609159062015	4.1231151775732396E-5
105.0	26.207079782936493	23.773403038093292	23.719548771267718	26.299875898907953	9.250879453901213E-5
106.0	26.2250116634609	23.755448702863642	23.706243434543886	26.31322741874763	6.87803839393087E-5
107.0	26.219135250959823	23.754520303666844	23.70076026453948	26.32540127512877	1.8290570508851448E-4
108.0	26.213819281544133	23.77327787094181	23.683361221007164	26.32951305607295	2.8570433943574358E-5
109.0	26.228769020484684	23.769367078717927	23.668752820590193	26.333057054097125	5.402611006924637E-5
110.0	26.232091859828465	23.76804201088774	23.666693027765273	26.33311557030164	5.753121688082736E-5
111.0	26.23863902880731	23.772391579281525	23.668388544404287	26.32031105004683	2.697974600489917E-4
112.0	26.239754716382123	23.76996617561945	23.653178408527676	26.336988151744244	1.125477265041661E-4
113.0	26.243260438671683	23.764320129514022	23.633618942447935	26.358640545249717	1.5994411664413486E-4
114.0	26.251427982560028	23.75145147747177	23.632164694739004	26.36478293166129	1.7291356790675674E-4
115.0	26.246163191196835	23.74110860149276	23.641082094445846	26.371412764276016	2.3334858854427975E-4
116.0	26.26222374003434	23.741904188769063	23.631249211086818	26.36457305784289	4.9802266890529366E-5
117.0	26.282165188986976	23.734968937958957	23.630816177971056	26.351946265195643	1.0342988736848975E-4
118.0	26.286506279522513	23.722232845540393	23.6141797737562	26.376895040916366	1.860602645315806E-4
119.0	26.263945439340286	23.71646650621545	23.61558200667115	26.403884518140625	1.2152963249003463E-4
120.0	26.302198664447772	23.70588851381365	23.58705812847677	26.40478098500081	7.370826099846455E-5
121.0	26.280398358060946	23.718379761362556	23.603968464465687	26.396973401812023	2.8001429877974626E-4
122.0	26.323996941854354	23.71617505395681	23.54981083316331	26.40964278583693	3.7438518859642247E-4
123.0	26.308380153667244	23.696816154974183	23.572164340955343	26.42255872407171	8.062633151757382E-5
124.0	26.33600739511882	23.683702960847857	23.5676268186386	26.41251717079759	1.4565459713160054E-4
125.0	26.352419307277874	23.662931547798646	23.55726230306851	26.427226235939866	1.606059151016821E-4
126.0	26.374708330916302	23.659206892839805	23.534456628787215	26.4314607117833	1.674356733814507E-4
127.0	26.37438007613044	23.648228840043586	23.554403718962185	26.422618322572365	3.69042291422522E-4
128.0	26.380546422729417	23.655187379833045	23.5305672151841	26.433506748765108	1.9223348833279693E-4
129.0	26.39448377458034	23.675312516756453	23.5073285501523	26.42269384432538	1.8131418552386577E-4
130.0	26.389526374268897	23.681043272502862	23.51008602394265	26.419206874509882	1.3745477570622347E-4
131.0	26.409349988034002	23.6428071105844	23.47391191927655	26.473850176280965	8.080582408221938E-5
132.0	26.404834017833785	23.628043598425887	23.464277965812062	26.50266939275361	1.7502517465971718E-4
133.0	26.436518833848837	23.594702194112642	23.486470207335152	26.482233056301396	7.570840196579225E-5
134.0	26.431531395325713	23.59122436065574	23.449528145667532	26.52765360828927	6.249006173680654E-5
135.0	26.485824678282693	23.581138386708567	23.39925416314121	26.533713530119556	6.924174796990748E-5
136.0	26.540484857220353	23.494541574385252	23.359353662693426	26.60549182439932	1.2808130164791305E-4
137.0	26.461263091095493	23.563338782940072	23.363908296295723	26.611409333261932	8.049640677456226E-5
138.0	26.49205475656168	23.526140860420522	23.309253638479575	26.67246833568628	8.240885194683188E-5
139.0	26.500831875137525	23.594930857583204	23.279079726576736	26.6244046890302	7.528516723327841E-4
140.0	26.488204764774615	23.65809071738739	23.327679157580956	26.525560701617266	4.646586397737429E-4
141.0	26.5187566911797	23.508285939746276	23.277960830103016	26.694942408820733	5.4130150269257885E-5
142.0	26.291677049859345	23.624934852111878	23.254734879046797	26.828562645619158	9.057336281887002E-5
143.0	26.87196658825349	23.242756441128094	23.65376294816208	26.231347342249144	1.6668020719317575E-4
144.0	26.349808767048998	23.96668603703767	22.811556553368064	26.87189708831618	5.155422908634523E-5
145.0	26.469823102895862	23.58469615501778	23.54410849322054	26.401325689248377	4.655961743331756E-5
146.0	26.01933709089116	23.489163473683067	23.597808482396673	26.893668822355632	2.2130673466131664E-5
147.0	26.398806332179635	24.33216373982431	23.448403835987534	25.820195911843356	4.301801651610616E-4
148.0	26.970189910434023	23.580050521746227	22.167534268927337	27.28217357004658	5.172884583452001E-5
149.0	27.13880664686112	24.08157743910272	22.03295546506356	26.744786989165974	0.0018734598066274658
150.0	25.835936128581622	24.790749249528236	20.548080188567656	28.824498708767056	7.357245554278958E-4
