# Position (bp)	A	C	G	T	N
0.0	28.90367221142533	22.472909903020728	25.08008150108898	23.542702338919316	6.340455456414681E-4
1.0	27.19494132956108	21.50721663169972	22.809199097170158	28.484732083052606	0.00391085851643509
2.0	27.303109864041502	21.69461444082093	22.959038817561904	28.04309931884378	1.3755873188485873E-4
3.0	26.401130882177632	22.81568622120825	23.66167606624005	27.120839989369173	6.668410048987853E-4
4.0	27.666454401093237	22.805501409138895	22.83539355926696	26.692587772537323	6.285796357652484E-5
5.0	27.305912053838043	22.55489035229921	23.118353692724074	27.02077284431028	7.105682839085417E-5
6.0	27.757069166006186	21.912071110321428	23.597443426329654	26.73328238255076	1.33914791967379E-4
7.0	26.92335211061646	22.880501891505443	22.900636481519477	27.29540839702591	1.0111933271006171E-4
8.0	27.529975186408933	22.44862213248575	23.204894532809277	26.816427981617853	8.016667818455341E-5
9.0	27.385018345506612	22.498129611189608	23.028419433590717	27.087999891847865	4.3271786520071446E-4
10.0	27.27771706872655	22.553828143813263	23.03305634713571	27.134769860688717	6.285796357652484E-4
11.0	27.41804701691865	22.43723026531873	22.97942848337016	27.165006363138982	2.878712534808964E-4
12.0	27.47947564506254	22.429815758571635	22.936320674146376	27.15432506425587	6.285796357652484E-5
13.0	27.533994452137918	22.394809338769388	22.95511156131584	27.11585599054704	2.2865722982185125E-4
14.0	27.524043763208255	22.347748765720116	22.9810782771678	27.14703354048099	9.565342283384216E-5
15.0	27.484716541648858	22.353027012690585	23.129974217120918	27.03220843875631	7.378978332896394E-5
16.0	27.419552875089547	22.478252829924735	23.114618654308657	26.987510960743528	6.46799335352647E-5
17.0	27.251575443758547	22.579809435424895	23.184861062127954	26.98350080486434	2.532538242648392E-4
18.0	27.200129389018592	22.593712888180036	23.24108067815981	26.96496134954918	1.156950923799805E-4
19.0	27.234174719667603	22.673484198883546	23.121449219683974	26.970686890144524	2.0497162035823318E-4
20.0	27.20683606043671	22.703902898329687	23.081886053014916	27.007304842375273	7.014584341148425E-5
21.0	27.149369305968097	22.686285359813652	23.103271425405623	27.06076326293466	3.106458779651445E-4
22.0	27.121332832243013	22.819998824100587	23.035810254728347	27.022480941146597	3.7714778145914906E-4
23.0	27.304090083879306	22.697672672055774	22.97886276169797	27.018847933048875	5.265493180758168E-4
24.0	27.313465941286978	22.537398529710327	23.076105853320815	27.07288209611522	1.475795666579279E-4
25.0	27.2639329550037	22.51324467396731	23.17418067422982	27.048392997899796	2.486988993679896E-4
26.0	27.2964687835419	22.580401575661487	23.26278671726326	26.86014797274778	1.94950785585164E-4
27.0	27.25125477704581	22.612697815150106	23.301870705833167	26.83403003338924	1.4666858167855797E-4
28.0	27.196761477549856	22.684555399337828	23.316768043200803	26.801528822280257	3.862576312528483E-4
29.0	27.188687417677706	22.836896684482923	23.197560192740372	26.776726345231932	1.293598670705294E-4
30.0	27.14360823695856	22.834590070515155	23.139263530955553	26.882406068748722	1.3209282200863916E-4
31.0	27.128562409039287	22.859733255945766	23.108014013208226	26.903435246012496	2.5507579422357905E-4
32.0	27.270432832831503	22.826233605299397	22.997032357111504	26.906260210433526	4.0994324071646635E-5
33.0	27.28135736470411	22.698534463846258	23.076282584406812	26.94374997528953	7.56117532877038E-5
34.0	27.348170825061057	22.668124874249912	23.071959960679703	26.91168421500069	6.012500863841507E-5
35.0	27.355925129205456	22.684167319736616	23.084896858371735	26.874866757059458	1.439356267404482E-4
36.0	27.300970871309943	22.712341352193587	23.20095725572844	26.78559660597606	1.33914791967379E-4
37.0	27.175650311637938	22.793150274788598	23.21174787280908	26.81929029642303	1.6124434134847678E-4
38.0	27.186828097334807	22.879831406560626	23.16589708781241	26.767221127957185	2.2228033496626178E-4
39.0	27.108852338025642	22.95571918829708	23.21142811708132	26.723898326278274	1.0203031768943163E-4
40.0	27.128784584428228	22.96121242525579	23.184838039155977	26.72509375316055	7.119799944575096E-5
41.0	27.13473460624308	22.87347879256525	23.171444072095568	26.820274846299686	6.76827964160752E-5
42.0	27.15129581326131	22.908880152406677	23.05090038036599	26.888854918092957	6.87358730596894E-5
43.0	27.21508251845739	22.851889290625564	23.00571337821519	26.927144007246046	1.7080545580909766E-4
44.0	27.264714614209122	22.816880392324443	22.972496499863702	26.945800833908066	1.0765969466164711E-4
45.0	27.27866681911687	22.757215251143467	23.063561047938457	26.900408439241648	1.484425595661037E-4
46.0	27.315672208485637	22.71102979662916	23.05806948175383	26.915126887992972	1.0162513840073536E-4
47.0	27.206659274746713	22.692922714012774	23.173096956305027	26.92715164571247	1.694092230120971E-4
48.0	27.092958994402082	22.789621479945474	23.29234326068192	26.82490836575821	1.6789921231058545E-4
49.0	27.112435963345956	22.92137837571483	23.21048971978838	26.755590901694205	1.0503945663107676E-4
50.0	27.161905586939017	22.90234395558282	23.13685501866008	26.798615991732095	2.7944708599564897E-4
51.0	27.15422430148059	22.943743843852573	23.059671104460293	26.84212738158974	2.3336861680124476E-4
52.0	27.130350047311126	22.93644289835545	22.96301208026357	26.970033132287174	1.6184178268742342E-4
53.0	27.059452507424787	22.934452300001677	23.00886493095445	26.99711307342072	1.1718819836841965E-4
54.0	27.045641639841122	22.88057055467143	23.03986236309906	27.033821160621308	1.0428176707990899E-4
55.0	27.089996168021752	22.886977316311853	23.029742090032226	26.993198751706394	8.56739277799669E-5
56.0	27.179715632786777	22.830662922040435	23.119351946450525	26.87015439634611	1.1510237615741454E-4
57.0	27.169159098025826	22.794817329176073	23.15861376568214	26.877341731966258	6.80751497083637E-5
58.0	27.198784980329886	22.79461441214133	23.132042282548074	26.874374500998428	1.838239822831583E-4
59.0	27.101958962335587	22.849178942445462	23.21887867336539	26.8298476225879	1.3579926566594574E-4
60.0	26.956501918633418	23.039427120933507	23.210732945614204	26.793207629879223	1.3038493964485904E-4
61.0	27.050837268537713	23.017517217717366	23.004646743049793	26.926128912024836	8.698586702848209E-4
62.0	26.992727581057736	22.98859452763308	22.996867134797707	27.021726634783892	8.412172758115333E-5
63.0	27.0110205913237	22.997281480931026	22.96486363733743	27.026744227535147	9.006287269980861E-5
64.0	27.1071175539012	22.850598106840913	22.96149197971819	27.08071841236452	7.394717517277181E-5
65.0	27.115797047948742	22.77269828322163	23.08768222270645	27.02343353903181	3.8890709136655903E-4
66.0	27.106086140644177	22.778039890375336	23.16217051001386	26.953648453439012	5.500552762127177E-5
67.0	27.171177411693176	22.78113599811922	23.11633663823697	26.931221287593367	1.2866435726721588E-4
68.0	27.147627440553507	22.84721099481157	23.030233171403225	26.974775156250804	1.5323698089396708E-4
69.0	27.048901617115305	22.95210183723741	23.024602386560602	26.974298869816753	9.528926992842357E-5
70.0	26.966815637812708	22.991149416754837	23.05427226601651	26.987390296230334	3.723831856124005E-4
71.0	26.990380339390736	23.05563469635437	23.000365635865947	26.953538208459314	8.111992962934066E-5
72.0	27.090999848553427	22.952117783782217	22.956586795464105	27.000221088672216	7.448352803147886E-5
73.0	27.103532197754177	22.93647515671234	22.905789618036483	27.054029091022723	1.739364742722896E-4
74.0	27.129462882824555	22.896783175402316	22.923496708137122	27.050063150436713	1.9408319929031359E-4
75.0	27.19759694226505	22.8387506505379	22.956216190613137	27.00733552252742	1.0069405648987903E-4
76.0	27.21226329411261	22.808224050678838	23.052193785908987	26.927140821691292	1.7804760826867336E-4
77.0	27.244217022207096	22.81482406975472	23.017879088275286	26.922927210149407	1.526096134899922E-4
78.0	27.16507371660694	22.869158569552457	23.079703559103482	26.885953961779325	1.1019295779639498E-4
79.0	27.114113170151192	22.893098900077742	23.132142430789088	26.860301404070334	3.44094911639808E-4
80.0	27.06952026587676	22.977924923898467	23.058841409695006	26.893593854849968	1.1954567979396779E-4
81.0	27.11989941659261	22.957574149007275	22.98655151590439	26.935907058146896	6.786034883093384E-5
82.0	27.13049758107882	22.897870871506417	22.93198759213849	27.039410025759235	2.339295170365169E-4
83.0	27.11699451318099	22.92715513823366	22.839438702138853	27.11634755113549	6.409531100937716E-5
84.0	27.138281192858404	22.910477628361626	22.846045110588253	27.105153929204697	4.2138987020891006E-5
85.0	27.195282124315046	22.831869140603384	22.843726615325355	27.128760243620242	3.6187613597065576E-4
86.0	27.210619328916568	22.777279741170023	22.90801812752537	27.103956908402253	1.258939857824397E-4
87.0	27.200080958857072	22.820105269926703	22.95765075933038	27.022063105039397	9.990684645270348E-5
88.0	27.22208927819646	22.768050144760675	23.014387604266677	26.995412298525086	6.06742511098534E-5
89.0	27.099059871130176	22.84832080176118	23.068733780681725	26.983124460285033	7.610861418780099E-4
90.0	26.999875589711014	22.967992957132424	23.034506603917322	26.99745421548506	1.7063375417812745E-4
91.0	27.056616872064428	22.99733482165311	22.900885372533896	27.045114072298233	4.886145033427492E-5
92.0	27.072924899915492	22.972379542776608	22.796583409401876	27.158048892068916	6.32558371109141E-5
93.0	27.075354347646556	22.99432570921579	22.780481427929768	27.14976386640392	7.464880396459183E-5
94.0	27.09939027817128	22.91189653901587	22.816524138162613	27.17211831946421	7.072518602492054E-5
95.0	27.177237240038348	22.831346037652924	22.82636468489692	27.16490202142535	1.500159864638726E-4
96.0	27.218944272655456	22.78923701099423	22.837214373754204	27.154511642668062	9.269992804631585E-5
97.0	27.19137089180285	22.754069769969345	22.940232285144667	27.114225857599966	1.0119548316645666E-4
98.0	27.207676348947217	22.78376206518454	22.898329956562428	27.110159161227127	7.2468078691306E-5
99.0	27.11990938847863	22.84127200547539	22.928205794406036	27.110520427167117	9.238447282746883E-5
100.0	27.081825078194733	22.91813953345076	22.893292745249934	27.106230552798156	5.120903064177697E-4
101.0	27.08080563679312	22.96428662904048	22.837317922089774	27.11744368988102	1.461221956045567E-4
102.0	27.089461830845107	22.985098015803345	22.742638261803112	27.182708738839807	9.315270862642856E-5
103.0	27.1692510223845	22.875165792861303	22.682964791504855	27.272552263995877	6.612925346769734E-5
104.0	27.103729306301727	22.82827183473997	22.7764194148565	27.291531016365123	4.8427736678771915E-5
105.0	27.114406602070073	22.81447538058517	22.774597717281498	27.296415759001214	1.0454106204489857E-4
106.0	27.185635973495664	22.683878265123248	22.81262681510785	27.317769967152934	8.897912030792708E-5
107.0	27.204739734980944	22.716966082992013	22.85310007671558	27.225000698443207	1.9340686825407869E-4
108.0	27.166454534612395	22.764972603373888	22.858647764399528	27.20986858972056	5.650789363030869E-5
109.0	27.17447946031874	22.80830127236638	22.830909384009622	27.186253181151315	5.670215394151222E-5
110.0	27.068039840323067	22.848074748515273	22.868804943296333	27.21500853648357	7.193138175621542E-5
111.0	27.070547622652423	22.878906436363444	22.889730398231723	27.1605451053217	2.7043743071252955E-4
112.0	27.111210860347327	22.87217003446864	22.777235234501436	27.23925193869194	1.319319906593016E-4
113.0	27.131656822524924	22.84083664661425	22.71058305769635	27.316740031164734	1.8344199974270361E-4
114.0	27.137197350389176	22.823808908778815	22.66671051426223	27.372118689121212	1.6453744856529393E-4
115.0	27.165162027046648	22.75305782570686	22.673812487781333	27.407712756326713	2.549031384483969E-4
116.0	27.24824214749278	22.72025017812972	22.674230793393505	27.357224153070803	5.272791319166376E-5
117.0	27.28573874832908	22.716286040089354	22.720142569814687	27.277712400994545	1.2024077232876382E-4
118.0	27.246000657170477	22.734883297950343	22.740270159178646	27.27867526113674	1.7062456379248592E-4
119.0	27.22686139874525	22.710675965065175	22.787294765802816	27.275034316414846	1.3355397191460136E-4
120.0	27.205461907034557	22.737921552102193	22.76984114036757	27.286708311999657	6.708849602138943E-5
121.0	27.153549436836467	22.84049320852021	22.764667122290543	27.241032951030142	2.572813226444066E-4
122.0	27.164188834279894	22.860043344472857	22.6945390200287	27.2808110634308	4.1773778775190093E-4
123.0	27.170858773352762	22.833575889414853	22.661786041138647	27.33370780588024	7.149021350041617E-5
124.0	27.210196108556477	22.80967314145454	22.587821999491425	27.39213991748469	1.6883301286812143E-4
125.0	27.323191449489293	22.721322293226265	22.530564839773636	27.424739052297998	1.823652128102822E-4
126.0	27.346692058038975	22.681513550716307	22.497093194286315	27.474494739906845	2.0645705155270642E-4
127.0	27.381412418596746	22.64589997906007	22.5888192373573	27.383506411621024	3.6195336486117294E-4
128.0	27.41175855300083	22.63668179523746	22.662043722959655	27.28930350952707	2.124192749857034E-4
129.0	27.38742467608674	22.622984590339936	22.686194109144353	27.30322634649216	1.7027793680823706E-4
130.0	27.369593831088775	22.659221120874626	22.64926255623306	27.32175111845046	1.7137335307696187E-4
131.0	27.305849752879958	22.721795341452427	22.61050590201409	27.361772862755934	7.614089758887475E-5
132.0	27.304718237311455	22.781383816512765	22.555202122660823	27.35850656717117	1.8925634378879605E-4
133.0	27.350000325688974	22.754583227886503	22.536064022249143	27.35926919254949	8.323162589483045E-5
134.0	27.35429341258574	22.700141110162992	22.46368154736372	27.481791604155465	9.23257320829222E-5
135.0	27.37664471731751	22.664436118895832	22.413912530372198	27.54492953341799	7.709999646808588E-5
136.0	27.468332695705644	22.582401147786555	22.34878912362462	27.600332785311743	1.4424757144110636E-4
137.0	27.45721328256624	22.552272127891012	22.385210879744672	27.605219229390592	8.448040747782799E-5
138.0	27.547382198497246	22.481511031336105	22.41478406760604	27.5562388070743	8.389548630888899E-5
139.0	27.50485528290848	22.56806343560512	22.413055690646328	27.513266869052234	7.587217878424265E-4
140.0	27.509858020769055	22.668642828765737	22.46822055423494	27.352752777405588	5.258188246805962E-4
141.0	27.411012571130065	22.65089879693405	22.427566794740727	27.5104768836055	4.495358965716029E-5
142.0	27.153328667859704	22.810297434182182	22.33730456741124	27.698979905657	8.94248898706561E-5
143.0	27.65358707338672	22.49567092224842	22.698270806047596	27.152328606177136	1.4259214013024105E-4
144.0	27.13267665553369	23.174100086516276	21.81664291492552	27.876515632780084	6.471024442934598E-5
145.0	27.35741050700689	22.776305671094104	22.40341839424088	27.46282143088983	4.399676829071315E-5
146.0	27.12360269150431	22.410381660561242	22.58363849233099	27.882350217231703	2.693837175349014E-5
147.0	27.63539543664393	23.11111907339972	22.553203891202994	26.69978794891435	4.9364983900709E-4
148.0	28.467824801399622	22.453128018253878	21.303191728894515	27.775807762316916	4.7689135075646344E-5
149.0	28.889171413800014	22.399716107227373	21.01022202260336	27.698898043679577	0.00199241268967368
150.0	24.391815797088903	24.39585554320827	21.7186093466986	29.492888433196217	8.308798080126935E-4
