# Position (bp)	A	C	G	T	N
0.0	27.894655628017322	25.272418884455345	24.277843862496844	22.555038378928515	4.324610197169031E-5
1.0	27.130072726852806	22.16214754251571	22.258679854997922	28.444710980690218	0.004388894943343165
2.0	26.8118188183753	22.561809315921003	23.31211515936703	27.312469590393025	0.0017871159436409318
3.0	26.271969545767725	23.240863115521186	23.48125417061901	27.00167388128529	0.004239286806792452
4.0	27.28280510206758	23.162402998408872	23.03048602400528	26.523013167713387	0.0012927078048834996
5.0	26.937722246977692	23.117525232697925	23.178464834443872	26.764970432990726	0.0013172528897863508
6.0	27.326663662348277	22.596378145972754	23.572945257307527	26.502089067240487	0.0019238671309568173
7.0	26.582955771486848	23.443127472069914	22.92681693588417	27.045218030716512	0.0018817898425519295
8.0	27.0140878501783	22.94370395429733	23.31602250312085	26.724847400869535	0.0013382915339887947
9.0	26.958891798299618	23.024083263286336	23.28691904530747	26.728836561573026	0.0012693315335474506
10.0	26.917066973625158	23.062711382855593	23.26894503027718	26.749953516284446	0.0013230969576203627
11.0	27.082365263496627	22.966987889361604	23.23825432364008	26.710805274677966	0.0015872488237177146
12.0	27.129795718037474	22.938146245787188	23.210282277359365	26.720379026603645	0.0013967322123289167
13.0	27.094380666963357	22.8636636012427	23.260821775987903	26.77986813071319	0.0012658250928470431
14.0	27.126369925473178	22.830161897977444	23.28224028459956	26.75993284651781	0.0012950454320171043
15.0	27.161628355529338	22.774110274567867	23.393655100227868	26.669285510344444	0.001320759330486758
16.0	27.09410599577516	22.948145445851182	23.400385128745516	26.55626006962108	0.001103360007061504
17.0	26.938906255120866	22.947376366524225	23.52689517158908	26.585863779641056	9.584271247780014E-4
18.0	26.85939654342556	23.01317121982667	23.583180557712016	26.543186889876395	0.0010647891593570237
19.0	26.882269056114318	23.110962344520328	23.44058880900282	26.565025002558535	0.0011547878040008115
20.0	26.864830357697628	23.093734032545658	23.410431081352183	26.629889480261802	0.0011150481427295285
21.0	26.83040996696886	23.088297880646465	23.427171998069493	26.65266498142451	0.0014551728906690388
22.0	26.778228285278967	23.204701192577883	23.378845063522913	26.637244824037687	9.806345825472478E-4
23.0	26.958305053889088	23.07984034567708	23.319617773652336	26.641207102029153	0.0010297247523529502
24.0	26.94922220366146	22.900519799444684	23.46391715898263	26.6852713734976	0.0010694644136242332
25.0	26.876526675060617	22.942227742762462	23.456319870798414	26.72381650730361	0.0011092040748955164
26.0	26.892775521266305	22.99887896753181	23.52527636479906	26.58191786503953	0.0011512813633004042
27.0	26.840720071441627	23.015240019839908	23.587673477062804	26.55515320317332	0.0012132284823409335
28.0	26.808639645473598	23.082169791115717	23.62354904068224	26.48446102102597	0.001180501702470465
29.0	26.865517620074908	23.161144186197426	23.542903242200005	26.429167957621253	0.0012669939064138456
30.0	26.839700866011373	23.185833035168994	23.47051744919436	26.502563605548612	0.0013850440766608922
31.0	26.81395774720255	23.245066169107407	23.457696733180107	26.481938721348815	0.0013406291611223996
32.0	26.917916701088224	23.190902179608212	23.371421928560153	26.518528430057565	0.00123076068584297
33.0	26.926350859786275	23.08657037419473	23.457985430131107	26.528060104694838	0.0010332311930533577
34.0	26.950589715534623	23.070547109007432	23.444081223940426	26.533828199647008	9.537518705107916E-4
35.0	26.996722787016314	23.075843003278614	23.41035510847034	26.516050545295943	0.0010285559387861478
36.0	26.89900295995023	23.09217249762041	23.51338953082468	26.467265435831177	0.028169575773505623
37.0	26.830570094427515	23.184721493466963	23.50658937349302	26.477321907759944	7.971308525592646E-4
38.0	26.800920800678433	23.242859449093284	23.521156296976077	26.43428151697601	7.819362761908329E-4
39.0	26.77364887372423	23.318073770930585	23.537328001486358	26.36986352605526	0.0010858278035594674
40.0	26.759707963639674	23.371066992960532	23.493665622273692	26.35322786017589	0.022331560950217058
41.0	26.836486021467387	23.25168500344584	23.457216144835403	26.453673141186968	9.396890644061006E-4
42.0	26.822182913983326	23.290233596420588	23.37643927181085	26.510322314200717	8.219035845158215E-4
43.0	26.93837509967721	23.187706994087144	23.327567345291396	26.545325839201656	0.0010247217425955178
44.0	26.893608325047698	23.217036329644067	23.337845791029093	26.549896299560594	0.0016132547185510847
45.0	26.92572872691739	23.163086370648934	23.36750294718422	26.542768311232624	9.136440168342588E-4
46.0	26.933478253488957	23.133801770987017	23.373633065768022	26.558228028481697	8.588812743076337E-4
47.0	26.862448901894247	23.105602948673162	23.481348965542477	26.549637906860056	9.612770300575703E-4
48.0	26.763243280991674	23.149755256069334	23.61016490290481	26.475909816758342	9.267432758497399E-4
49.0	26.78485515987472	23.2796691793909	23.537290545582774	26.397337443752296	8.476713993068111E-4
50.0	26.823196786638746	23.206133676342564	23.561496624817785	26.407914217878066	0.0012586943228377822
51.0	26.830374623125714	23.32533736653598	23.374491240350835	26.468816850431516	9.79919555956866E-4
52.0	26.855554208145595	23.294290468113786	23.30001847099664	26.548876450421872	0.0012604023221130338
53.0	26.73207321781922	23.277307108290447	23.38251288153101	26.607223524762585	8.83267596738157E-4
54.0	26.67478404425927	23.224380647142944	23.413242152803466	26.686533828664334	0.0010593271299849298
55.0	26.725445608201486	23.22514002706071	23.36233176744063	26.68572675990556	0.0013558373916076223
56.0	26.791767893195196	23.196990846087825	23.437952846814763	26.57097076673559	0.0023176471666244147
57.0	26.765659578736418	23.09441779460666	23.486897223796117	26.641852671042095	0.011172731818713512
58.0	26.730925475444806	23.089067381800966	23.424102188099116	26.523949837862038	0.2319551167930794
59.0	26.737433359424685	23.20031181410648	23.544455331046308	26.516432300631564	0.0013671947909607244
60.0	26.674722928257143	23.340156618136636	23.519048700093897	26.464935542200656	0.0011362113116648398
61.0	26.74436718540827	23.27009858071827	23.403711325153697	26.58073924714484	0.0010836615749203317
62.0	26.696856943387687	23.2235396713333	23.439007509160657	26.639424470036367	0.001171406081995093
63.0	26.658599380481213	23.310992398300144	23.38132236170439	26.647972124036606	0.0011137354776470359
64.0	26.682328582115883	23.193253196581264	23.39743935750829	26.725797996816787	0.0011808669777742446
65.0	26.71637707477422	23.114990948521537	23.461587758875265	26.705568627647803	0.0014755901811770028
66.0	26.695122104260406	23.088819449135766	23.555808942558162	26.65884478208791	0.0014047219577564612
67.0	26.760954837492974	23.126901598947313	23.48709158339676	26.623676953808285	0.001375026354671798
68.0	26.72172388470918	23.152965016227782	23.43577727955708	26.68830767607084	0.0012261434351203808
69.0	26.695024577826352	23.212210121858984	23.409120434189308	26.68236901681794	0.0012758493074050763
70.0	26.64685956351039	23.23804969020532	23.415803390449565	26.698034096755528	0.0012532590791990638
71.0	26.701654908190726	23.2532573341471	23.376732301687845	26.667082531353508	0.0012729246208197428
72.0	26.757230532078317	23.204770100134006	23.38195284797042	26.654755033001788	0.001291486815466574
73.0	26.74990513419165	23.213190585086966	23.344897559095667	26.68985952131988	0.0021472003058375768
74.0	26.751241840796467	23.174227168784377	23.409999723772675	26.663203101580674	0.0013281650658014058
75.0	26.85335664384027	23.118582318072534	23.343323168227574	26.683368943969644	0.0013689258899786103
76.0	26.832370684146035	23.124760482204803	23.43615406122096	26.6051855971	0.001529175328207368
77.0	26.845411938862114	23.152037498693005	23.392876683044346	26.60752076496734	0.002153114433192495
78.0	26.764589770667918	23.148333137768738	23.498009152423048	26.587182696444632	0.0018852426956623772
79.0	26.79060704199702	23.16218771593927	23.464016182354946	26.58118485712851	0.00200420258025012
80.0	26.736887168938996	23.19553533809323	23.460103812300765	26.60391094061169	0.003562740055323422
81.0	26.813134526717157	23.178884619982394	23.367862355606196	26.638564842595976	0.0015536550982785263
82.0	26.757385751684453	23.185803303031182	23.34630513953613	26.708813156276502	0.0016926494717329117
83.0	26.791712844269345	23.18653727582988	23.258088639879347	26.7619646979788	0.0016965420426252827
84.0	26.803169310390285	23.17767618919665	23.243546582366868	26.773721074560537	0.0018868434856589918
85.0	26.84853967665551	23.121159575207272	23.254030150496057	26.774422910284805	0.0018476873563588645
86.0	26.863467213868404	23.058119051562723	23.299893350098134	26.776638991243956	0.0018813932267852241
87.0	26.808861757224584	23.092069598373055	23.36811189816795	26.728972218866243	0.0019845273681697168
88.0	26.82986769962917	23.086014256272417	23.36804816167019	26.714997023082194	0.00107285934603138
89.0	26.739402697965648	23.16064086059525	23.427302418203205	26.672332923177066	3.2110005883222034E-4
90.0	26.678672775896906	23.244234303399075	23.410295144312435	26.666634112819555	1.6366357203446202E-4
91.0	26.72713638788101	23.275819523599615	23.27408296763989	26.72282391816229	1.3720271718951373E-4
92.0	26.69819484583623	23.224443215821932	23.110522982729485	26.790417528642006	0.176421426970341
93.0	26.73968387633995	23.220231894762335	23.18050820002825	26.859447508248284	1.2852062118101819E-4
94.0	26.733512767449035	23.175494304499136	23.23528291184751	26.85564488848044	6.512772387885744E-5
95.0	26.81831031781857	23.09627701538454	23.24184832254253	26.84348949129822	7.48529561310505E-5
96.0	26.840656728829167	23.112617509277577	23.25470057587894	26.79191187669019	1.1330932413418161E-4
97.0	26.86216580123255	23.014151942016237	23.30843199695801	26.815184524899482	6.573489372085095E-5
98.0	26.82713967352318	23.064034445742696	23.312402668920758	26.795928604924452	4.946068889177226E-4
99.0	26.78571322727274	23.12138917958179	23.296948103819297	26.795682072838378	2.6741648779513217E-4
100.0	26.7617901981823	23.216973153864814	23.242759178486715	26.778207784574715	2.6968489145992174E-4
101.0	26.74734118708539	23.206850000440582	23.25012702313351	26.795534697141672	1.4709219884728286E-4
102.0	26.762815009872497	23.218101141307454	23.17487598004719	26.84414242252006	6.544625279403281E-5
103.0	26.838009956512092	23.140521971141634	23.13026101240416	26.890935931367466	2.7112857464857263E-4
104.0	26.79540823639209	23.14156678161094	23.152509290893136	26.910458180159008	5.7510944823747055E-5
105.0	26.819870947285334	23.09738905427189	23.143627147505292	26.938518682991546	5.941679459346593E-4
106.0	26.869602816427022	22.970774329276615	23.22152653571184	26.938017154956174	7.916362835011817E-5
107.0	26.885248465813266	22.98074097574641	23.23607718007794	26.897757376442716	1.760019196699703E-4
108.0	26.83732718147237	23.02122717272283	23.297999915939442	26.84321911696192	2.2661290344418974E-4
109.0	26.82616654897784	23.09071314016048	23.24648580019494	26.83503275364091	0.0016017570258266358
110.0	26.74318107886598	23.11195118163348	23.277706145677637	26.829136723590967	0.03802487023193532
111.0	26.77036675038213	23.12791013066957	23.26226970275044	26.839025974763945	4.274414339169839E-4
112.0	26.81035908452335	23.10455411394076	23.186514644295624	26.89819642441619	3.7573282407753965E-4
113.0	26.808026706700893	23.113414271271232	23.11351483194948	26.96332591414138	0.0017182759370145625
114.0	26.82692623831633	23.08472874696707	23.042811235363487	27.00307585960958	0.042457919743533135
115.0	26.826164414307165	23.012746885782303	23.10851452108648	27.052530032032323	4.414679173197694E-5
116.0	26.89190679036706	23.010718674483606	23.08517463847701	27.012127432727397	7.246394493568344E-5
117.0	26.927667730571407	22.990788170641263	23.125770270207806	26.95572180777412	5.20208054089985E-5
118.0	26.909536458332557	23.00020423496972	23.154678781122115	26.935435603907266	1.4492166834422215E-4
119.0	26.88836582495381	22.997098873592517	23.17597448352101	26.93843916040929	1.2165752337784487E-4
120.0	26.878755850946018	23.00038234760645	23.19964889076231	26.92117062728943	4.228339579220109E-5
121.0	26.8426278991707	23.066943777809577	23.148686371298407	26.941658427790166	8.352393114766999E-5
122.0	26.811662252529782	23.112248045114317	23.109141688456344	26.966882343626057	6.567027349698804E-5
123.0	26.86130965259957	23.06640585846078	23.057339478256086	27.014880492220573	6.451846299508991E-5
124.0	26.855337566018633	23.023275503449746	23.051201916077396	27.070132465999446	5.25484547755943E-5
125.0	26.954231832976856	22.99257942688804	22.963372398032543	27.089723018972762	9.332312979709079E-5
126.0	26.968632739723198	22.93185150490823	22.950253361285498	27.149112123734987	1.5027034809609582E-4
127.0	27.003101495775496	22.90282920276003	23.05018295499624	27.043821728689487	6.46177787465191E-5
128.0	27.04229702930204	22.859357140906578	23.101796323762606	26.996398764996176	1.5074103260241334E-4
129.0	27.028163345640436	22.882632036737345	23.129202421226186	26.959931881039967	7.031535606194118E-5
130.0	27.00005639810417	22.89472508402899	23.095570901076247	27.009586454463	6.116232758581284E-5
131.0	26.948590158248358	22.935773182159576	23.072961496700497	27.04262814227815	4.702061341535717E-5
132.0	26.960683971323395	22.985042831511443	23.02233840170653	27.03185149172807	8.330373056319791E-5
133.0	26.995365923067215	22.969667442592858	22.995195134921236	27.039707305724658	6.419369403616387E-5
134.0	26.98869571569239	22.93953464513202	22.938930765180103	27.13277914960464	5.9724390848955834E-5
135.0	27.073162768958237	22.85790332065899	22.873082963774138	27.195698748776604	1.5219783202718046E-4
136.0	27.127741277961213	22.791197446352264	22.855515570018316	27.225479933818004	6.577185020127198E-5
137.0	27.17293815932718	22.715118132016404	22.882736454156387	27.228998037768175	2.0921673184788432E-4
138.0	27.164833294544437	22.692672639384163	22.923626828142844	27.21881748291623	4.975501232423077E-5
139.0	27.14530284575848	22.733793679086578	22.94532606889307	27.175522005910974	5.5400350895435E-5
140.0	27.19378860050282	22.812472693654875	22.960510759457854	27.03316679240217	6.11539822852988E-5
141.0	27.174333146521928	22.800502970703572	22.922735104571725	27.102379383641612	4.939456116134234E-5
142.0	27.140723331070287	22.814985752315017	22.832850696578728	27.211349363219313	9.085681665826598E-5
143.0	27.44917684972597	22.47703596935648	23.2167165084235	26.857011281363285	5.939113076609592E-5
144.0	26.9082175942343	23.115277561071945	22.473472478480655	27.502437713288547	5.946529245467271E-4
145.0	27.11722382837331	22.771589508769573	22.92444256642348	27.186707336562627	3.6759871013288606E-5
146.0	26.943792049714244	22.555825065380457	22.975676629854313	27.524696959471832	9.295579152693087E-6
147.0	27.46875262111027	22.981889251350996	22.961480163437457	26.587679508609224	1.984554920497981E-4
148.0	27.85088434762184	22.843641281017426	22.012690790640654	27.292563572466193	2.2000825388230418E-4
149.0	28.909818182904225	21.988492792736306	21.474093434715233	27.627019059207804	5.76530436431083E-4
150.0	23.576131956538127	23.65956979522153	24.166623674730914	28.59767457350943	0.0
