# Position (bp)	A	C	G	T	N
0.0	28.903749968591285	24.25653551981359	20.060966695332024	26.749136453580725	0.029611362682378583
1.0	29.319160990661214	20.287412289705852	20.184873397989332	30.19274381960086	0.015809502042743673
2.0	28.418578350479407	20.72049397109061	21.075439399371206	29.783638804570145	0.0018494744886292905
3.0	28.34937583201638	20.822340882556283	21.213967554861362	29.614288770296454	2.696026951354651E-5
4.0	28.822977001128702	20.68251773545383	21.368348348825485	29.12612725829552	2.9656296464901163E-5
5.0	29.122769806065435	20.996603976610995	21.35634024478415	28.524277884458566	8.088080854063953E-6
6.0	29.118391458296433	20.741438505800033	21.558180099848617	28.581979151947106	1.0784107805418605E-5
7.0	29.039847206446968	21.014498406162787	21.23924370620596	28.706391808995622	1.887218865948256E-5
8.0	28.876884060021034	20.99434200999881	20.99480392928314	29.13394393910315	2.606159386309496E-5
9.0	28.884201077167017	21.023822166036222	21.12390587587571	28.96788755108836	1.8332983269211627E-4
10.0	28.90867111645316	21.05058652425797	21.040470132460836	29.00025605066633	1.6176161708127905E-5
11.0	28.99290128914303	21.000098027539952	21.058557777277475	28.94843571663434	7.189405203612404E-6
12.0	29.042898210280256	20.94922310029224	21.081178342074992	28.926691360596013	8.986756504515503E-6
13.0	29.052780047732618	20.944378339860652	21.088065792260053	28.91476863074147	7.189405203612404E-6
14.0	29.024472663419044	20.985520609813975	21.08495637450949	28.905040466825334	9.885432154967054E-6
15.0	29.000352208960923	20.969932181981243	21.087580507408806	28.942124317541218	1.0784107805418605E-5
16.0	28.95914793038772	21.00908837874707	21.109156811100497	28.92240737377031	1.9950599440024416E-4
17.0	28.928680129810463	21.05357462079572	21.108194329478867	28.909477228511616	7.369140333702713E-5
18.0	28.908508456160426	21.083799778947355	21.09430889200374	28.91336939275372	1.3480134756773255E-5
19.0	28.90379400369816	21.079203951670948	21.11469085575598	28.9022932153619	1.7973513009031007E-5
20.0	28.905931054394934	21.09078788080527	21.108525940793882	28.894731758439008	2.3365566911740307E-5
21.0	28.893155481348114	21.077603410337495	21.110795096811273	28.918440619449214	5.392053902709302E-6
22.0	28.88838980437377	21.087591291516613	21.12186947685179	28.902063154395393	8.627286244334884E-5
23.0	28.89463919484701	21.095256994814964	21.136644603220862	28.873450220360663	8.986756504515503E-6
24.0	28.881229156790972	21.131451156636903	21.138927239373007	28.84833043857924	6.200861988115696E-5
25.0	28.864783392387704	21.126679188933004	21.13962101697516	28.868884049380718	3.235232341625581E-5
26.0	28.88236957619139	21.142069908122636	21.158027691647703	28.81730096572045	2.3185831781649997E-4
27.0	28.871177469640667	21.12325343735348	21.15564799852531	28.849913905075336	7.189405203612404E-6
28.0	28.885164457464295	21.12074074023482	21.166388969899504	28.82768965623967	1.6176161708127905E-5
29.0	28.850667893946063	21.145332999409426	21.171186999197268	28.832794133934232	1.7973513009031007E-5
30.0	28.846320999824833	21.163580608491845	21.18094751543682	28.80912121995004	2.9656296464901163E-5
31.0	28.849256074499202	21.17738246913148	21.175864605957866	28.797453713980225	4.313643122167442E-5
32.0	28.826652584539048	21.189266555933052	21.17256736499636	28.811507203801987	6.290729553160853E-6
33.0	28.838482750801592	21.167714516483922	21.15922742364106	28.834409054078098	1.6625499533353682E-4
34.0	28.848724957189788	21.172057815902555	21.169918069178827	28.809292866999275	6.290729553160853E-6
35.0	28.849818645456388	21.178684650148984	21.16906522598655	28.802422491651576	8.986756504515503E-6
36.0	28.85294244201736	21.1890643539117	21.16868688353771	28.788983695974718	3.2262455851210655E-4
37.0	28.832346593460308	21.183169041644735	21.168432558328636	28.815927789326558	1.2401723976231393E-4
38.0	28.81596553370388	21.212970024889362	21.16832561592623	28.802483601595803	2.5522388472824033E-4
39.0	28.829691006913222	21.176306754377887	21.172966376985162	28.82094329813173	9.256359199650969E-5
40.0	28.826044875324243	21.185921009436353	21.184600462238297	28.803329304584913	1.0434841619524122E-4
41.0	28.802054772274932	21.22292547291406	21.177604910569194	28.797323000139468	9.184410234397224E-5
42.0	28.81890519299562	21.207253769169906	21.166183008870814	28.807434509716934	2.2351924672860208E-4
43.0	28.807548607405632	21.195204773113236	21.167702543389243	28.82944844754176	9.562855013098496E-5
44.0	28.817014289423646	21.203436480695448	21.172481742809087	28.806969960548535	9.75265232861822E-5
45.0	28.821027224176976	21.175626536720987	21.16832844528127	28.834933731088054	8.406273270914555E-5
46.0	28.832811457876584	21.17577774046412	21.177121357817533	28.814089484626205	1.9995921555836872E-4
47.0	28.826233862883782	21.177159673370642	21.16693196989554	28.8295603797406	1.141141094361917E-4
48.0	28.806479906564377	21.193477031951975	21.17840641923248	28.82147436844963	1.622738015393039E-4
49.0	28.792687013009015	21.19490554449289	21.179786115020534	28.832533302469525	8.802500803182824E-5
50.0	28.81065518897295	21.211269905544047	21.178168790234764	28.79979619908829	1.0991615995014129E-4
51.0	28.82103775502601	21.179530587571126	21.174650116021006	28.82357756442409	0.0012039769577724723
52.0	28.8293521197454	21.175378102606913	21.17083494090954	28.824336527488835	9.830924931193765E-5
53.0	28.81930493531432	21.192648423360783	21.173625648724954	28.814245134214893	1.758583850512646E-4
54.0	28.800970649506823	21.197459189686814	21.180025021849048	28.8213873017583	1.578371990126727E-4
55.0	28.800145750144235	21.191016590084878	21.17374406177491	28.83499221516892	1.0138282705337354E-4
56.0	28.820939374850095	21.19012201873226	21.166869183837015	28.821983480439307	8.594214131848465E-5
57.0	28.79289273189814	21.17427772020183	21.18487220729421	28.847899682288023	5.765831779716232E-5
58.0	28.80799169720448	21.185097124048184	21.179341167517226	28.82749397360604	7.603762407599629E-5
59.0	28.80819142703749	21.182200951100462	21.17679328229064	28.832737309864775	7.702970663474654E-5
60.0	28.775960178746985	21.198764670283914	21.18577575142892	28.83938649233035	1.1290720983491928E-4
61.0	28.77956061136595	21.193452962558275	21.16493758132452	28.86195144736739	9.739738386216498E-5
62.0	28.789156281325827	21.19277815083526	21.174426543305998	28.843387935029806	2.5108950310674975E-4
63.0	28.812731780065377	21.166195254162233	21.163975351139676	28.856698934413405	3.986802193142648E-4
64.0	28.831034227516696	21.178558161968585	21.16747679768499	28.822826662936684	1.041498930422074E-4
65.0	28.827558092952028	21.170184707390668	21.161062723735746	28.841095755151752	9.872076980647952E-5
66.0	28.8219384785066	21.178429102917534	21.173279268693985	28.82625986916872	9.328071315968283E-5
67.0	28.801054801667203	21.18813018071286	21.173346205096482	28.83736896452354	9.98479999105066E-5
68.0	28.80109961432612	21.190924627979214	21.16565171185877	28.84223982746154	8.421837435770765E-5
69.0	28.77241593398835	21.17709638654517	21.181003143693456	28.86907042136817	4.141144048574749E-4
70.0	28.792266957980573	21.175067064810175	21.185576415340662	28.84670932592458	3.8023594400797583E-4
71.0	28.795552660132657	21.19568958306003	21.1691907073265	28.839353513589195	2.1353589162329337E-4
72.0	28.783733118105598	21.203999533061896	21.160033555599835	28.852156651786114	7.714144655640582E-5
73.0	28.79167421489382	21.195403245025652	21.152119713369316	28.860735841622244	6.698508897033945E-5
74.0	28.795131437661464	21.18976538722849	21.157368119895253	28.857614010070414	1.2104514437319737E-4
75.0	28.8153214815577	21.16027799389647	21.15437479897017	28.869946531830585	7.919374506558915E-5
76.0	28.831113298048365	21.15855549301392	21.167395099867143	28.842822374411625	1.1373465894247985E-4
77.0	28.830730408466177	21.151751102259166	21.16589069595054	28.851568097170265	5.969615385236024E-5
78.0	28.809878657905774	21.16743285327712	21.171930326698465	28.850704031913526	5.413020511269307E-5
79.0	28.785831798922096	21.177172106712458	21.17777811787444	28.85902935668404	1.8861980696406177E-4
80.0	28.803510203505077	21.18749778819952	21.15357292614954	28.855077152271985	3.419298738824358E-4
81.0	28.82201505723524	21.169237344498555	21.15622601064531	28.85214209038351	3.794972373862993E-4
82.0	28.82114213968957	21.166092564243797	21.148175604498423	28.86453357832128	5.61132469319638E-5
83.0	28.81149022613358	21.178047891662416	21.1522443172554	28.858141771159556	7.579378905456278E-5
84.0	28.79088000526387	21.175392258950517	21.14581015575501	28.88786140614727	5.6173883334821005E-5
85.0	28.798352478341915	21.156761712370955	21.151563629147514	28.893250049592094	7.213054752293957E-5
86.0	28.788792585080646	21.174147628185835	21.150525611202468	28.886452626565635	8.154896542014542E-5
87.0	28.830846384272963	21.141408926740667	21.149035855644634	28.878320546503783	3.882868379540593E-4
88.0	28.82267925870533	21.16350029574618	21.159861829892684	28.8537371356606	2.214799952088997E-4
89.0	28.82699580362121	21.156897144701706	21.156020072189452	28.860003404055522	8.357543210963407E-5
90.0	28.80489549455963	21.16994605456045	21.15329372168617	28.871767940621655	9.678857209247929E-5
91.0	28.794893884321027	21.172138916455456	21.158830926820098	28.87406386971835	7.24026850789641E-5
92.0	28.803795851946855	21.169712232526145	21.145239989769248	28.881180416262982	7.150949477196436E-5
93.0	28.823281583316486	21.161807004426176	21.145633907984656	28.86917299162758	1.0451264510733373E-4
94.0	28.806856459199835	21.164078816543757	21.13204665018758	28.896932320740444	8.575332838351301E-5
95.0	28.823771455360063	21.169887111167785	21.125513579961233	28.88074392346719	8.393004372387495E-5
96.0	28.809218229897056	21.172060948220224	21.12905897263206	28.889509912145527	1.5193710513516367E-4
97.0	28.810763107306673	21.164260574722952	21.142394137460276	28.88249246333207	8.971717802341649E-5
98.0	28.80259571349491	21.16334474756733	21.14785905778599	28.886119201364085	8.127978768358493E-5
99.0	28.811004099892585	21.15246808479084	21.13278638336871	28.902526990858625	0.0012144410892409145
100.0	28.786079894401308	21.169431449044236	21.151471856914963	28.892938237072464	7.856256702487317E-5
101.0	28.814344398066016	21.176163702132104	21.12089366873659	28.88850918974186	8.904132342460016E-5
102.0	28.820179449455335	21.17321125255923	21.118406786820014	28.887996800083542	2.057110818759114E-4
103.0	28.828683688666757	21.153917838469173	21.12021289275557	28.897089757344407	9.582276409036034E-5
104.0	28.818799821647527	21.14801712011276	21.117993561874265	28.915029028897315	1.604674681310896E-4
105.0	28.828486344804173	21.144810945001883	21.126496306796618	28.900118027879607	8.837551772373859E-5
106.0	28.82263339558378	21.150608358958227	21.12560197730452	28.901065916871495	9.035128198007402E-5
107.0	28.837184484204247	21.131518414672428	21.11953478221238	28.91166236010825	9.995880269346134E-5
108.0	28.814809235978668	21.139216079265086	21.135013000766882	28.910733949742923	2.2773424644538764E-4
109.0	28.81818610574875	21.149287475089682	21.152075303999005	28.88034238697383	1.0872818873191601E-4
110.0	28.834142029155817	21.14600336951157	21.12289018310556	28.8968746842306	8.973399645483892E-5
111.0	28.82988167642323	21.148432681081133	21.11703646470979	28.904524964993968	1.2421279187665155E-4
112.0	28.82003918736334	21.156321774004745	21.125147660310898	28.89822264420598	2.6873411504038853E-4
113.0	28.817178313729	21.148260769863104	21.103974360844646	28.930377878654877	2.0867690837617238E-4
114.0	28.813107593778376	21.154980661562263	21.096410721836467	28.935075603158612	4.2541966428237153E-4
115.0	28.832170602679497	21.147126361906015	21.103427093741917	28.91715605473535	1.1988693721906654E-4
116.0	28.839958447198992	21.14271124441983	21.097377477235142	28.919843382630418	1.0944851561986809E-4
117.0	28.850952545601448	21.131626675215294	21.101659648171285	28.91545358960362	3.075414083603152E-4
118.0	28.84750343499648	21.136651393666035	21.11189559834994	28.903809111845145	1.404611423966392E-4
119.0	28.823630105455063	21.14081075681541	21.115762762284515	28.91963265047307	1.6372497194139216E-4
120.0	28.837699619182573	21.14724498737253	21.089028806847416	28.925883895154374	1.4269144310749955E-4
121.0	28.858968893798604	21.138060131523638	21.08849369498943	28.91434407809459	1.3320159373969497E-4
122.0	28.86714814325414	21.13733087502391	21.081363923008507	28.914031433605324	1.2562510812214834E-4
123.0	28.87617720747499	21.10180383259352	21.080821047629588	28.941060529626466	1.3738267543704768E-4
124.0	28.86551125285976	21.11431210062665	21.08577489030604	28.93411311019996	2.886460075874187E-4
125.0	28.906132920720484	21.10974106878979	21.062330029343386	28.921668938801233	1.2704234510471174E-4
126.0	28.91644745796047	21.085827994386783	21.045421359255126	28.952130356941332	1.7283145628824E-4
127.0	28.901748293535455	21.095274372304313	21.052739082776725	28.950112838777244	1.2541260625935485E-4
128.0	28.943218999907383	21.0867393924366	21.057745704132028	28.91208563503508	2.1026848891309745E-4
129.0	28.968379043341397	21.062865466277916	21.03648970549387	28.932121511220256	1.4427366655721688E-4
130.0	28.929399743521973	21.071119561333425	21.047146614070847	28.95219546962739	1.3861144636534528E-4
131.0	28.954028206971127	21.059466482947563	21.02705909165	28.959303510570372	1.42707860939361E-4
132.0	28.966744689582885	21.047844475990843	21.036540197345357	28.9487179426945	1.5269438641405222E-4
133.0	28.974559708409753	21.04624955732344	21.027034520210158	28.95192489653172	2.3131752493031976E-4
134.0	28.99009281842388	21.048644386296402	20.976624566338295	28.984295660697875	3.42568243544937E-4
135.0	28.993816312814012	21.033263336900735	20.94108036974827	29.031674839743392	1.6514079358506657E-4
136.0	28.991049898027416	21.01039233937049	20.952957819212617	29.045457196343268	1.4274704620920747E-4
137.0	28.9875851791446	21.027139847485817	20.906122401733334	29.07902045113885	1.3212049740369912E-4
138.0	28.995820142763556	21.016390484166443	20.907359446420767	29.080285743582245	1.4418306698852935E-4
139.0	29.037131072302014	21.009348327106636	20.981787320310634	28.971585889927816	1.4739035290374527E-4
140.0	29.099550092636147	20.980766938314147	21.011218897873118	28.908277778234705	1.862929418856195E-4
141.0	29.039633541816467	21.060579142926457	21.002286070384706	28.897220321578153	2.8092329421216714E-4
142.0	29.22581265719822	20.920703797706828	20.96010926444561	28.89323704174338	1.3723890596485633E-4
143.0	28.76679783265052	21.163042803094964	20.97672191903188	29.09328800994601	1.4943527661789713E-4
144.0	28.680589994713408	21.490128979130375	20.665282524407207	29.16385678069855	1.4172105045638672E-4
145.0	28.59643951361757	21.278655190008696	20.94517343724893	29.17966786512104	6.399400376184752E-5
146.0	29.233148110125423	21.30158853424105	20.587320737321726	28.877904551063725	3.806724807776426E-5
147.0	29.73797468657767	21.124408915466784	20.705124457364015	28.432472890046057	1.9050545478780667E-5
148.0	29.91038097749772	20.996796245380143	20.52424752854225	28.56827238030804	3.028682718477814E-4
149.0	30.306341013970805	20.145827329566714	20.00753706712092	29.52977789149519	0.010516697846371513
150.0	26.906086027322946	19.940872720431386	23.980411213932467	29.141180424728013	0.03144961358518502
