# Position (bp)	A	C	G	T	N
0.0	29.06207462114282	22.03321249207724	21.354623845928575	27.550089040851372	0.0
1.0	29.571904797764898	20.155221094311496	21.654472419912743	28.593251957781735	0.025149730229126786
2.0	28.62783399950284	21.113072114929878	21.068622294175928	29.190471591391354	0.0
3.0	28.646304587779913	21.071845599546382	21.240456094665873	29.041391181303705	2.536704121553991E-6
4.0	28.864831501035304	20.82184072484663	21.289905759243407	29.02332731125412	9.470362053801567E-5
5.0	28.84544939041055	21.101853963736325	21.630155574203524	28.422526696992907	1.437465668880595E-5
6.0	28.77117807600361	20.77461828648782	21.843278462111964	28.610713783386473	2.1139201012949926E-4
7.0	28.736451442147583	21.18275537714897	21.617365512022648	28.463422595272558	5.073408243107982E-6
8.0	28.603076612844514	21.212225114497098	21.41636553311112	28.768331893979227	8.455680405179971E-7
9.0	28.735462127540174	21.18462323695047	21.52108659822515	28.558828037284208	0.0
10.0	28.686157055097567	21.18784907902505	21.371465024591572	28.754528841285815	0.0
11.0	28.820428186523582	21.113237846265818	21.308090545522788	28.75824257611977	8.455680405179971E-7
12.0	28.813774411612748	21.062755743110813	21.350680116587597	28.772788883120796	8.455680405179971E-7
13.0	28.96601386389977	20.978306326200162	21.325927803337514	28.729751160994514	8.455680405179971E-7
14.0	28.915517386088073	21.014501711742575	21.35236533369235	28.71761472290896	8.455680405179971E-7
15.0	28.915815026038338	20.991945338693714	21.413900702273008	28.67833893299494	0.0
16.0	28.825267372419468	21.06256464473366	21.457198013787732	28.65496996905914	0.0
17.0	28.74631753004434	21.159620635560394	21.471221759739723	28.62283753795142	2.536704121553991E-6
18.0	28.70519332839375	21.158331144298604	21.5265219095896	28.60995361771805	0.0
19.0	28.682196414395783	21.259131310408755	21.467477584456308	28.59119469073915	0.0
20.0	28.769924098599525	21.20933665407069	21.398827606382735	28.62191164094705	0.0
21.0	28.71247366922261	21.19369956429739	21.420966268819576	28.672860497660423	0.0
22.0	28.636995729221855	21.223383230359776	21.431995012772052	28.707625182078278	8.455680405179971E-7
23.0	28.691997393553425	21.187453353182086	21.450152740874135	28.67039059341407	5.918976283625979E-6
24.0	28.752752302832686	21.138732568255477	21.448794758601064	28.659505596028485	2.1477428229157124E-4
25.0	28.71906318096237	21.150902829062655	21.45342931703114	28.676603827375796	8.455680405179971E-7
26.0	28.736450596579537	21.18623658077178	21.556550567412515	28.520762255236164	0.0
27.0	28.662485377803264	21.229857744846022	21.581520191649012	28.526136685701697	0.0
28.0	28.69258929118179	21.24891515734322	21.573992099384277	28.484503452090713	0.0
29.0	28.60518376840148	21.310945183227574	21.58992429240372	28.493945910399184	8.455680405179971E-7
30.0	28.61417807564847	21.34442967763209	21.534814395362957	28.50657785135648	0.0
31.0	28.601165629072945	21.33046004803469	21.53189380335101	28.536480519541357	0.0
32.0	28.666648109266735	21.344220822326083	21.44010062800846	28.549030440398727	0.0
33.0	28.68696288144018	21.240034156213657	21.497739619058407	28.575263343287755	0.0
34.0	28.721116220164745	21.238626285426193	21.518693640670485	28.52155624362621	7.610112364661974E-6
35.0	28.74985285002175	21.264823674457524	21.49514287960598	28.490179750346712	8.455680405179971E-7
36.0	28.749066471744065	21.265330169713792	21.536880963653985	28.448719858184035	2.536704121553991E-6
37.0	28.67051996532427	21.30866299508622	21.54367933069975	28.47713686332172	8.455680405179971E-7
38.0	28.618358564040797	21.328801043539194	21.58393259726861	28.468902721743156	5.073408243107982E-6
39.0	28.58858019435787	21.393446411372878	21.596580604018676	28.421390253546452	2.536704121553991E-6
40.0	28.600094806171022	21.38408921932079	21.590830528250336	28.424979524256162	5.922001688007361E-6
41.0	28.601324618920497	21.36579200213655	21.549160706538363	28.48371505443732	7.617967270368566E-6
42.0	28.59407338102251	21.33752598100006	21.54518512650559	28.52320619575676	9.315715080344782E-6
43.0	28.69592398816752	21.31201247451111	21.434072076096022	28.55798298798275	8.473242597163075E-6
44.0	28.741633309665165	21.28902046015253	21.42882606671622	28.540515076758794	5.086707291880529E-6
45.0	28.746116241840447	21.256733016642368	21.4801491508353	28.516991411729286	1.0178952603081362E-5
46.0	28.709609113544776	21.268058850924707	21.53768810331877	28.48463544497734	8.487234405897113E-6
47.0	28.707845967627755	21.233433349181894	21.52323193898365	28.535483649026055	5.095180649502548E-6
48.0	28.645781419941457	21.250621558762106	21.64499503335008	28.458592641677182	9.346269170292007E-6
49.0	28.655105724248468	21.35740070164352	21.580560259486212	28.406924813499618	8.501122177881407E-6
50.0	28.62661194996836	21.37356411833457	21.61441790160436	28.385398374949105	7.655143605815902E-6
51.0	28.699933278980666	21.361290064525353	21.51260295376676	28.42616604342653	7.659300688826442E-6
52.0	28.653491402893245	21.361054131227583	21.483197449420473	28.502252759021516	4.2574371786406585E-6
53.0	28.637649509315388	21.35800128058466	21.44498207477956	28.559360319712013	6.815608383866242E-6
54.0	28.605210544146605	21.295093558028004	21.51703410928916	28.582657526333826	4.262202406315022E-6
55.0	28.642080488633287	21.290227202939587	21.500599947668658	28.567084684539733	7.676218731498714E-6
56.0	28.654004628307668	21.277169494896746	21.562197377356043	28.506620818932525	7.680507019966348E-6
57.0	28.6399215789938	21.28329693517279	21.570202326513645	28.506571474468288	7.684851481578313E-6
58.0	28.62216248217963	21.300485103920224	21.600024563997376	28.47732272385991	5.126042858177952E-6
59.0	28.608457599833603	21.314855541232596	21.614646326245154	28.46203369400521	6.838683433420173E-6
60.0	28.54683618247072	21.415806699993382	21.570722071615876	28.466623926712035	1.1119207985315666E-5
61.0	28.553676022984124	21.431185455996918	21.48628200439872	28.528842823571658	1.3693048578400535E-5
62.0	28.556316417251224	21.37553227886491	21.454496458852653	28.61364542577664	9.419254574749985E-6
63.0	28.58929267698943	21.350346795644164	21.44560725574511	28.614748130836272	5.14078502460534E-6
64.0	28.606645720011812	21.300427782178314	21.47270624261787	28.620207395647494	1.2859544505674736E-5
65.0	28.6692541632977	21.266644029245096	21.47514346603172	28.58895405230205	4.2891234280705765E-6
66.0	28.62734783820037	21.254271175695713	21.56905712596182	28.549314418400428	9.441741660060238E-6
67.0	28.642639685034467	21.28513188746734	21.574157248626012	28.49802308298534	4.809588684576894E-5
68.0	28.6016241019165	21.35742917703089	21.544461712779135	28.496472117893695	1.2890379780665892E-5
69.0	28.601679975341533	21.34691683667284	21.519454556556006	28.531936593514345	1.203791527142571E-5
70.0	28.5198281295795	21.409890448945045	21.555427856145375	28.514844101440985	9.463889094369996E-6
71.0	28.58819916218768	21.401823438215	21.470189716594675	28.539774770060973	1.2912941670383012E-5
72.0	28.58383809366092	21.381691838463198	21.474241125948424	28.56022205075649	6.891170967152157E-6
73.0	28.608548852317746	21.332299777103344	21.44969233142161	28.609453005721807	6.0334354894518955E-6
74.0	28.6056486942829	21.31573754160569	21.45222696421017	28.62637558778342	1.1212117822350392E-5
75.0	28.693515089401224	21.288293429721442	21.429570514744473	28.588617513993313	3.4521395502212556E-6
76.0	28.71042848233298	21.251803440680405	21.512537929885895	28.525219784422262	1.0362678461190954E-5
77.0	28.69893596845255	21.29330511985261	21.509173000245386	28.498580727032707	5.184416745814708E-6
78.0	28.670094382537265	21.312124475395354	21.54330785371586	28.474467236226925	6.052124597475354E-6
79.0	28.65333132543259	21.336099857666806	21.57810167091987	28.432460224969375	6.921011353893172E-6
80.0	28.62200262006052	21.359214459348944	21.597144438577402	28.421628959619937	9.52239320179382E-6
81.0	28.611570473723262	21.37891542111668	21.51126053486725	28.498244908113023	8.662179778811759E-6
82.0	28.623347703952636	21.350397852202573	21.47696713615528	28.54927517331911	1.2134370401344473E-5
83.0	28.61020662803372	21.368359148156035	21.441242794353236	28.580141126593002	5.030286400396956E-5
84.0	28.661088855575372	21.34684437342621	21.3951753245345	28.596879296903555	1.2149560359046238E-5
85.0	28.667432563221677	21.28633072639162	21.426818424387335	28.61941047061026	7.815389115979976E-6
86.0	28.697214547575733	21.293853940915948	21.453980731275163	28.55493861492099	1.2165312167775642E-5
87.0	28.686614393909625	21.29262439784431	21.482282532788975	28.538465632585492	1.3042871597215883E-5
88.0	28.70870682221171	21.294159247499213	21.5014751036079	28.495639684746255	1.9141934924207945E-5
89.0	28.655283973406682	21.290258068678373	21.535599662224666	28.518850459887613	7.835802670458964E-6
90.0	28.558014074001026	21.422235007037386	21.52232299905627	28.497419207737977	8.712167337107149E-6
91.0	28.619405384422357	21.39633112282381	21.476858346292637	28.507395556877253	9.589583940383056E-6
92.0	28.60586140090446	21.37863539530073	21.432197865265014	28.583299232158733	6.106371064803688E-6
93.0	28.584359667763632	21.406747350893248	21.396026889163196	28.612860854595823	5.237584103925261E-6
94.0	28.600474059654285	21.378316656800216	21.415963233363467	28.605238188583144	7.861598892506864E-6
95.0	28.65407190035798	21.312107222089697	21.409596661003324	28.624216349704053	7.866844943358585E-6
96.0	28.680727635528108	21.297354472474527	21.43048349305807	28.591423902702402	1.0496236889150502E-5
97.0	28.710984845809257	21.265865144235676	21.471112781507504	28.552028475584468	8.752863094341396E-6
98.0	28.668039200485197	21.28496682542065	21.492690657865975	28.554295433170225	7.883057953447968E-6
99.0	28.61613842232142	21.311084642521443	21.496243231345353	28.576518803616707	1.4900195075106889E-5
100.0	28.56436611256018	21.338369334530448	21.519437969608454	28.57781605840036	1.0524900559643169E-5
101.0	28.570836006042295	21.402667443994762	21.441154979601283	28.585327527339395	1.4043022273251444E-5
102.0	28.601369561872797	21.42366949561376	21.36570294007213	28.60924746226908	1.0540172232738387E-5
103.0	28.661396509912706	21.30758724633715	21.34397839672521	28.68703081525828	7.031766656308289E-6
104.0	28.633539081623955	21.290880191910347	21.3935278303457	28.68203970154469	1.319457530897539E-5
105.0	28.652174507788903	21.277911330868633	21.378795463108325	28.691105494426523	1.3203807618973744E-5
106.0	28.699021904209022	21.227937462573898	21.402529910622032	28.67050015180535	1.0570789698067767E-5
107.0	28.719206407472093	21.244928928302052	21.41912519980155	28.616725359748568	1.4104675735267931E-5
108.0	28.701769327313688	21.2659869820179	21.450353846936952	28.581874846666032	1.4997065427168031E-5
109.0	28.67039146904244	21.272223822777427	21.475777776908664	28.58159986848383	7.062787643614172E-6
110.0	28.597462857616023	21.336510095587276	21.496187555740953	28.56982712172481	1.2369330940150524E-5
111.0	28.625430039720513	21.338917246649746	21.46012453643846	28.575521987867813	6.189323464769482E-6
112.0	28.624429170712528	21.345532049379234	21.43533956846625	28.594693017331775	6.194110211732208E-6
113.0	28.643434094750788	21.325805262580925	21.3761480247236	28.654598448858803	1.4169085883106829E-5
114.0	28.638194670666593	21.308805203139883	21.36016000122374	28.69283126244293	8.862526849800563E-6
115.0	28.67296486325646	21.253956225524192	21.349186886522453	28.723883155304975	8.869391915643284E-6
116.0	28.723897313353895	21.224441451030135	21.336341951711358	28.71530419424188	1.5089662731569626E-5
117.0	28.77622836101726	21.216090769655974	21.369478080998423	28.638189463510223	1.3324818123117109E-5
118.0	28.73651509763902	21.220829408643844	21.426014788944787	28.616622034825745	1.8669946602885863E-5
119.0	28.7183969759614	21.25304325861545	21.426032770045268	28.602514538823335	1.2456554540681503E-5
120.0	28.713381060514827	21.234874480974828	21.453760601919424	28.59797584233966	8.014251262164432E-6
121.0	28.69020922493577	21.312432251998466	21.425699388945464	28.571639528016195	1.9606104100285153E-5
122.0	28.676759239569115	21.315117863348156	21.36557481165024	28.642530247612928	1.7837819561304335E-5
123.0	28.698415469801354	21.29594804850043	21.317546007352288	28.688070836591972	1.9637753956884686E-5
124.0	28.679953384695295	21.284829980670587	21.310377753518292	28.72475668797336	8.21931424670981E-5
125.0	28.791625824817572	21.22261941870536	21.256261299131157	28.729477362035922	1.6095309987622706E-5
126.0	28.793623568509712	21.19585746037866	21.252805610881662	28.75744038429284	2.729759371263922E-4
127.0	28.825005627826734	21.191777971329035	21.293825049073842	28.68936447794595	2.687382443814223E-5
128.0	28.85954371828995	21.152509873607812	21.338998055304828	28.64892952466368	1.882813372902539E-5
129.0	28.866178341580408	21.140193082507178	21.34115049038069	28.65245475355619	2.3331975532008527E-5
130.0	28.823397540912932	21.14622582874913	21.350314463375238	28.680050490897703	1.1676065000833491E-5
131.0	28.804701052789188	21.222535422634586	21.32518972502897	28.647568405206613	5.39434064079786E-6
132.0	28.80971863918276	21.223714263984274	21.277930025835317	28.688624473144277	1.2597853376176112E-5
133.0	28.832217146644957	21.18347731481148	21.26369505227284	28.72060147992305	9.006347673840523E-6
134.0	28.848833277475975	21.183029170287508	21.183363620290205	28.78475860674403	1.532520227982397E-5
135.0	28.875130469370298	21.153901024020442	21.13429192997033	28.836656724811167	1.9851827762293853E-5
136.0	28.882114186467728	21.09401894987787	21.14664184358696	28.877208761985933	1.6258081508446483E-5
137.0	28.909564526474853	21.079671255258667	21.13301674988313	28.877725768153333	2.1700230020629865E-5
138.0	28.958789986925126	21.056953983799325	21.177448986186036	28.806794371885715	1.2671203802374837E-5
139.0	28.927545232876952	21.04296706057183	21.240522190459632	28.788949206519376	1.6309572207532133E-5
140.0	28.93244256768055	21.077643983097406	21.302962135294273	28.68694042965015	1.0884277625595925E-5
141.0	28.734418365678415	21.258114116028526	21.316675658440072	28.69077460756121	1.7252291776279255E-5
142.0	28.944771933499506	21.15267606741001	21.29349696204306	28.60904140191752	1.3635129905018687E-5
143.0	28.654477716095624	21.356874195728036	21.252683583492026	28.73594721450638	1.7290177934950146E-5
144.0	28.757845997725155	21.565274895031873	20.894227339245628	28.78244679927493	2.0496872241064062E-4
145.0	28.54751806564636	21.331040866572863	21.23208658870924	28.889346271714672	8.207356864950178E-6
146.0	29.139297470645776	21.015497135922264	20.967988469153475	28.877147537905824	6.938637266613686E-5
147.0	29.21764796497474	20.967595581852592	21.181914878835602	28.632841574337064	0.0
148.0	29.35783062463319	20.761742394295965	21.242523556683356	28.637903424387485	0.0
149.0	28.81190829235813	21.292782748829655	20.220242934796282	29.648988491434498	0.026077532581436934
150.0	27.612549091561732	20.954480087943544	22.234881424205454	29.198089396289266	0.0
