# Position (bp)	A	C	G	T	N
0.0	28.206096770170248	22.43725629862522	21.115752138178152	28.240894793026385	0.0
1.0	28.458018799063666	21.240136130471473	22.20692394291094	28.069615540685895	0.025305586868024154
2.0	28.054160976108278	21.873966460211026	22.029874481410346	28.041998082270354	0.0
3.0	27.689453454121697	22.079611916691512	22.459691932447086	27.771241434111875	1.2626278249687733E-6
4.0	27.557733594165306	22.07828742010312	22.698712430224976	27.665187009953623	7.954555297303272E-5
5.0	27.514680510589525	22.465827041048613	22.73903571244318	27.28043527124566	2.1464673024469146E-5
6.0	27.51830425244718	22.195471908538472	22.846399481655926	27.439642538951624	1.8181840679550336E-4
7.0	27.507281511535204	22.414763846551224	22.525717266670355	27.552237375243216	0.0
8.0	27.41000866389961	22.445611106943037	22.384181738002656	27.760197228526874	1.2626278249687733E-6
9.0	27.511457021752378	22.437001247804574	22.43467296209533	27.616868768347718	0.0
10.0	27.513796671112047	22.444676762352557	22.371261267469748	27.67026529906565	0.0
11.0	27.594353588972876	22.421561834760855	22.35562614711316	27.628458429153106	0.0
12.0	27.644104913160124	22.33782056952545	22.346344569971816	27.67172994734261	0.0
13.0	27.653765278648955	22.33757814498306	22.38148602759635	27.62717054877164	0.0
14.0	27.65449634015961	22.376186778614954	22.347739773718406	27.62157710750703	0.0
15.0	27.61433088641953	22.380954461282034	22.388701945616045	27.61601270668239	0.0
16.0	27.55849748399941	22.438295441325167	22.395672913837696	27.607534160837726	0.0
17.0	27.5490252500565	22.494431874423277	22.378869862743013	27.577670487521562	2.5252556499375466E-6
18.0	27.530428004822532	22.500077083428714	22.39572720683417	27.573767704914587	0.0
19.0	27.534010079961966	22.490116212517535	22.405412824879505	27.57046088264099	0.0
20.0	27.53249871445548	22.49682834203507	22.421858552299724	27.548814391209724	0.0
21.0	27.505657772152293	22.511940734472123	22.428357297714836	27.554044195660747	0.0
22.0	27.486150172256522	22.513159170323217	22.44590151134278	27.55478914607748	0.0
23.0	27.468599645489462	22.542916782902083	22.474976042268334	27.513497428317525	1.0101022599750186E-5
24.0	27.458465794566262	22.54841047656852	22.449787879788033	27.54307448511742	2.613639597685361E-4
25.0	27.487403961686717	22.53223368887502	22.466483607517596	27.513878741920667	0.0
26.0	27.495323163404922	22.54935365955377	22.472309372302	27.483013804739304	0.0
27.0	27.501454484122974	22.551247601291223	22.481651555578942	27.465646359006858	0.0
28.0	27.468778938640604	22.58578047230412	22.487415451599926	27.458025137455344	0.0
29.0	27.463448123963584	22.598952205774196	22.48006948291426	27.457530187347963	0.0
30.0	27.463131204379522	22.606370144245886	22.499106122631314	27.43139252874328	0.0
31.0	27.46881176696406	22.58492693589444	22.500789205521997	27.445472091619504	0.0
32.0	27.47520950215317	22.592208510561036	22.497037938254014	27.43554404903178	0.0
33.0	27.474656471165837	22.600838571744696	22.508221032899765	27.41628266156188	1.2626278249687733E-6
34.0	27.45029532991089	22.614199699388518	22.51600639606852	27.41949731200425	1.2626278249687733E-6
35.0	27.457099631259645	22.648034337214202	22.498857384949794	27.39600864657635	0.0
36.0	27.44020945884504	22.63280704564508	22.519359935571636	27.407623559938244	0.0
37.0	27.4436412812733	22.60860247024043	22.527622572058235	27.420133676428033	0.0
38.0	27.4517776549774	22.626471179219386	22.52900767478222	27.392738440509685	5.050511299875093E-6
39.0	27.4476968418471	22.630962346392803	22.510439469988235	27.410895028632737	6.3131391248438665E-6
40.0	27.43980395305354	22.633170197107706	22.520819578792747	27.40620121800314	5.053042864722602E-6
41.0	27.417897664074143	22.670659376947157	22.510087216548808	27.401344367330964	1.137509893018332E-5
42.0	27.412220843998004	22.662172788244455	22.507174093947192	27.418423422017046	8.851793299346746E-6
43.0	27.425657593333884	22.640409209193173	22.50957240844761	27.424353197975726	7.591049611013743E-6
44.0	27.44572523808629	22.632883790777868	22.51044203678278	27.41094133933896	7.595014101093056E-6
45.0	27.431224274581705	22.633795985578363	22.51847741593999	27.416489658766867	1.266513307103336E-5
46.0	27.437446008599593	22.64052083667298	22.5241648939345	27.39786065748584	7.603307083760439E-6
47.0	27.42002305254499	22.64909058563321	22.515046174508555	27.415831311879284	8.875433956418804E-6
48.0	27.384449705879018	22.646934743573148	22.553918692208676	27.414687978161865	8.880177294008272E-6
49.0	27.404550905633652	22.64494227978147	22.539520804831238	27.410978394245806	7.615507834301375E-6
50.0	27.400204746505242	22.66030054564103	22.52373726299787	27.415747285503627	1.0159352233605974E-5
51.0	27.4218600784779	22.64105712696239	22.527177722059186	27.40990126072266	3.811777865036432E-6
52.0	27.398546185175775	22.652174079963906	22.53369119481807	27.415583455049003	5.084993246747594E-6
53.0	27.401160028009546	22.654949495704948	22.515124361642634	27.428758483030276	7.631612596755016E-6
54.0	27.38883271589993	22.65890781993846	22.526267221565973	27.425987151900834	5.09069480042542E-6
55.0	27.412365031942475	22.63278556131461	22.511889061984025	27.44295143115379	8.913605099050717E-6
56.0	27.439891390730907	22.615716124913092	22.512617026140898	27.431769087781415	6.370433685874833E-6
57.0	27.419328006075833	22.633093975122573	22.53929366685126	27.408280527528955	3.824421375563037E-6
58.0	27.40992055576855	22.646232214664806	22.52245096791973	27.421389884128917	6.377517993975695E-6
59.0	27.384874469557214	22.68013920275752	22.530515165090108	27.40446350514428	7.657450877739773E-6
60.0	27.38285051600341	22.663539503308062	22.543594333634342	27.41000798519238	7.661861810966852E-6
61.0	27.389718978950896	22.65204958563642	22.532050250049192	27.42616840819477	1.277716873273485E-5
62.0	27.41266434540605	22.653396556421043	22.511617499969923	27.422317762915927	3.835287051995485E-6
63.0	27.41161059956075	22.64534471219221	22.517377065679785	27.425662505805764	5.116761491130215E-6
64.0	27.39808255306322	22.656295988631378	22.51588544724909	27.42972833128486	7.679771450001648E-6
65.0	27.39508470813484	22.658994778066884	22.508166482696087	27.437745065882453	8.965219737407689E-6
66.0	27.41080319097812	22.62869573575113	22.53522570723737	27.425267676929483	7.689103899016435E-6
67.0	27.407836311421303	22.623983845131562	22.54824507637094	27.41989501592354	3.9751152655197476E-5
68.0	27.408627067976525	22.621111531809895	22.54484045301518	27.425413248881082	7.698317314631896E-6
69.0	27.40994658527334	22.633631400706452	22.54111555921085	27.415303887207187	2.5676021729463133E-6
70.0	27.395149133145075	22.66723069406585	22.532046783598688	27.405563112659475	1.0276530913436388E-5
71.0	27.400739556993305	22.670934669809228	22.49938978643232	27.428926989408698	8.997356448141872E-6
72.0	27.381712227938348	22.663421553064303	22.527956546248998	27.4269006697857	9.002962656366831E-6
73.0	27.397833183492704	22.640187643540074	22.511963871463248	27.450001145360687	1.415614329002669E-5
74.0	27.415068129915497	22.618734801831913	22.516716254473163	27.449466648471542	1.4165307880970773E-5
75.0	27.42808497074336	22.62241927860435	22.516028213103407	27.433461094447605	6.443101275462154E-6
76.0	27.41145045176078	22.62298734615944	22.53013629672725	27.435413011164307	1.2894188228328222E-5
77.0	27.405280113158458	22.64790064228088	22.52622980343744	27.420584280385658	5.1607375576456E-6
78.0	27.401190742743548	22.63494717793474	22.537636986640912	27.426214764978678	1.0327702119327096E-5
79.0	27.401575370728793	22.636838301993848	22.530812354004564	27.43076234705402	1.1626218771669576E-5
80.0	27.40967313591814	22.63700755094009	22.523349327196	27.429963522804123	6.463141646806941E-6
81.0	27.41228422191578	22.61833022174553	22.529246504406387	27.440128704189558	1.0347742750510477E-5
82.0	27.401777210559906	22.64430478326566	22.50899805773553	27.444912182901394	7.765537507468506E-6
83.0	27.41548651864577	22.635713169540438	22.508048079685334	27.440706904332473	4.532779598616927E-5
84.0	27.385826526149774	22.629952810240006	22.520208248104638	27.463999456661586	1.2958843994399343E-5
85.0	27.400275989628476	22.61667965960069	22.526195933445056	27.45683804372576	1.0373600017842593E-5
86.0	27.408284083556445	22.608338425751505	22.526195812134567	27.45717259557359	9.082983892560758E-6
87.0	27.413620106979714	22.62365539795484	22.52458601830452	27.43813198458019	6.492180739611044E-6
88.0	27.409157225507474	22.62490434455323	22.520158081649463	27.445768654668484	1.1693621351731436E-5
89.0	27.407217386104954	22.628365236781793	22.51536959077598	27.449038685423442	9.10091383185877E-6
90.0	27.39839900917064	22.625903370719275	22.52588762881367	27.449790476537405	1.951475901224096E-5
91.0	27.413329743087527	22.616867923038335	22.519345988055882	27.450447233078712	9.112739546096266E-6
92.0	27.42484797622382	22.619621116245867	22.499087704935523	27.456431478948645	1.1723646148783543E-5
93.0	27.419186075014746	22.61916411332228	22.501140872642793	27.460501117904634	7.821115549434867E-6
94.0	27.42822149741689	22.628344171586477	22.48535431010154	27.45806697711218	1.3043782918268855E-5
95.0	27.43130115035185	22.607448532803446	22.497219206414634	27.464025889508058	5.220922009605974E-6
96.0	27.426436972405345	22.607788807717334	22.5016705385877	27.464094538567537	9.142722084327478E-6
97.0	27.43022977838577	22.601542133957658	22.505369674718327	27.46284665016192	1.1762776325750172E-5
98.0	27.426313759271796	22.595923676485448	22.512194885261604	27.4655532925909	1.4386390244646321E-5
99.0	27.4264015946795	22.599142639772086	22.52316887650218	27.45127772801228	9.161033950412291E-6
100.0	27.429008782176222	22.59572387697672	22.511736816219763	27.463521357592764	9.167034526666459E-6
101.0	27.41890172911891	22.625969817013388	22.48860644340489	27.466515458054673	6.5524081325187336E-6
102.0	27.421434398487477	22.612083016699824	22.483608006960658	27.482865397693327	9.18015871314109E-6
103.0	27.43877571535967	22.595981953151835	22.483683909182446	27.481547923482264	1.0498823790523688E-5
104.0	27.43090567705816	22.58672974301852	22.48835856081839	27.493994199118287	1.1819986646567086E-5
105.0	27.426137657546118	22.601432058693717	22.48336643766989	27.489054646547253	9.199543029784861E-6
106.0	27.445360307462312	22.583109058332226	22.48884595841271	27.4826741544768	1.0521315949383843E-5
107.0	27.45085954423052	22.580218578674017	22.469478911715573	27.499433752757703	9.212622187337094E-6
108.0	27.453116700205687	22.58171605469772	22.47509148857943	27.49006258648677	1.317003039998607E-5
109.0	27.447436701899754	22.576237853166095	22.480461539820055	27.49584940752986	1.449758424117865E-5
110.0	27.437656336282867	22.585320774499962	22.479422421829945	27.49758727806928	1.3189317939746237E-5
111.0	27.448526059618615	22.570492313061237	22.477569037788342	27.503396750787118	1.583874468445129E-5
112.0	27.440475464778796	22.579887871346564	22.47976653933434	27.499862199264342	7.925275954476317E-6
113.0	27.438482587816388	22.591713615993488	22.455466514891185	27.514329349887877	7.931411060685843E-6
114.0	27.450416235822388	22.564005469281014	22.45623327023008	27.52932782683445	1.7197832073038717E-5
115.0	27.45766217763744	22.560576700443242	22.4597038490222	27.522048005510864	9.267386242138824E-6
116.0	27.468622847664335	22.559808942398487	22.45487914862903	27.516667862834694	2.1198473450230283E-5
117.0	27.470362840317144	22.558892754910744	22.446263121942273	27.524465371880453	1.5910949386328605E-5
118.0	27.474626490000702	22.538279613017547	22.4553188218806	27.531767113285593	7.961815557217746E-6
119.0	27.481157331287147	22.537582085377956	22.448513084192452	27.53274085913937	6.64000307033742E-6
120.0	27.472536220823173	22.540935592267033	22.446038155273992	27.540482057396314	7.974239485151201E-6
121.0	27.48763383768582	22.535994924650915	22.451239957376984	27.52511664947369	1.463081259240522E-5
122.0	27.514296101396273	22.53373249522576	22.420594681399304	27.531362079925486	1.4642053180043637E-5
123.0	27.510116685161318	22.534404895712687	22.416327223554926	27.539128548786163	2.2646784903221563E-5
124.0	27.537549866815386	22.524997523050562	22.402909348610496	27.534471262993286	7.199853027000209E-5
125.0	27.57044632905703	22.510271723666204	22.387296742492765	27.531967857111546	1.734767245678151E-5
126.0	27.56760744149126	22.49190148372559	22.393090355985315	27.547125579338854	2.7513945897591867E-4
127.0	27.544642294978384	22.51516264770804	22.383389385038413	27.55678963089397	1.6041381202490273E-5
128.0	27.603924614470053	22.473959777173015	22.357088369356944	27.56501118394872	1.605505127234141E-5
129.0	27.607039841760045	22.456549614948145	22.387377484139325	27.549025024601125	8.03455135614255E-6
130.0	27.61115448692245	22.460956040407734	22.368181525833858	27.559691864347585	1.6082488369445957E-5
131.0	27.634202642820288	22.42937174839349	22.368978793336737	27.567434741687975	1.2073761506747482E-5
132.0	27.648681493006205	22.431906499587658	22.339482160267075	27.57992179109229	8.056046776737418E-6
133.0	27.649962259459233	22.41167545008227	22.338207412401047	27.60014412748948	1.0750567969303581E-5
134.0	27.65885519946267	22.41998670668068	22.28821161812973	27.63293571517298	1.0760553934485578E-5
135.0	27.652023285266402	22.396483086438007	22.262506760444708	27.688974750850576	1.2117000300865118E-5
136.0	27.651583190086644	22.38628913389815	22.272284726459027	27.68983082114101	1.2128415174733471E-5
137.0	27.678980071587617	22.392179773244948	22.219361561850235	27.709461056127598	1.7537189600344043E-5
138.0	27.699790284896235	22.37005803489829	22.22299657421039	27.70713485071154	2.0255283550203504E-5
139.0	27.70918392956333	22.355369221135074	22.292990530776102	27.64243874439779	1.7574127704453784E-5
140.0	27.72860055575589	22.355089231824685	22.3299147006555	27.586384685754716	1.0826009211066352E-5
141.0	27.65391578566494	22.437033684644792	22.34490014931412	27.564139542252384	1.0838123761456472E-5
142.0	27.799805015277023	22.372735198626785	22.365651527656098	27.46179198349243	1.6274947663837052E-5
143.0	27.5837928222409	22.47431355268163	22.334240218382323	27.607638471766904	1.4934928246087647E-5
144.0	27.493906064651675	22.817324348495045	22.10507031975103	27.583530735806683	1.6853129556163726E-4
145.0	27.324295473166742	22.719200543472663	22.357088603129384	27.59940449619333	1.088403788227479E-5
146.0	27.731255026273477	22.69033458992412	21.98854718942685	27.58980190147204	6.129290351716524E-5
147.0	27.84157868078393	22.423472270834306	21.98446104121487	27.75048800716689	0.0
148.0	28.124199246952227	21.99850377297423	21.750731467186426	28.12656551288712	0.0
149.0	28.20470738505531	22.091421129146877	21.06322336445348	28.614388948795582	0.026259172548752693
150.0	28.21880645079238	20.953552083498593	22.38907938200753	28.438562083701502	0.0
