# Position (bp)	A	C	G	T	N
0.0	28.92224948222875	24.192324496664497	20.165356113663655	26.690783002530548	0.029286904912544483
1.0	29.35997958126089	20.201499049057528	20.266359339344397	30.15640832625091	0.015753704086273294
2.0	28.45750655716096	20.63138485353679	21.163797079696977	29.745396799481664	0.0019147101236024098
3.0	28.39617978486802	20.752643783603038	21.29532851612158	29.55581577003723	3.214537013366078E-5
4.0	28.83946361477094	20.591709224389255	21.463054815076426	29.10573937615299	3.2969610393498233E-5
5.0	29.143722840047076	20.913163749966124	21.45968202393317	28.483419846689994	1.1539363637724381E-5
6.0	29.157830536334455	20.666190871229208	21.639902980986886	28.53606242360529	1.3187844157399294E-5
7.0	29.084846534046626	20.96373665958897	21.316412581968223	28.634986915350723	1.7309045456586574E-5
8.0	28.907166709713987	20.92337938374655	21.075722886732045	29.093702171398323	2.8848409094310957E-5
9.0	28.91100931780535	20.965628290985297	21.212847617559905	28.910326846870205	1.8792677924293994E-4
10.0	28.918327747072446	20.975337017005923	21.128377003010982	28.97794009962493	1.8133285716424028E-5
11.0	29.013664320966807	20.917620417051065	21.144099385967383	28.924607633612148	8.242402598374558E-6
12.0	29.077464638279526	20.862661725005623	21.17200239148366	28.88785970586756	1.1539363637724381E-5
13.0	29.116269869712674	20.84112185429529	21.187001091491922	28.855598942097515	8.242402598374558E-6
14.0	29.063133572881732	20.89778012975652	21.185153969069624	28.853921613168747	1.0715123377886925E-5
15.0	29.052437407029817	20.89329461426248	21.181353397231515	28.872903042112547	1.1539363637724381E-5
16.0	28.999684381919703	20.939980406819934	21.203771908058837	28.856354770415788	2.0853278573887635E-4
17.0	28.955813369849594	20.98180235760409	21.21367185781974	28.848634111901887	7.830282468455831E-5
18.0	28.939735739341206	20.992873552774224	21.18980021141433	28.877575660145567	1.4836324677074205E-5
19.0	28.950253869296994	20.998391841313836	21.207076287260524	28.844262341563713	1.5660564936911663E-5
20.0	28.95118278806983	20.997121687073427	21.22204778734021	28.82962630726978	2.143024675577385E-5
21.0	28.92532472263821	20.992764753059927	21.23856885910839	28.843335071271397	6.593922078699647E-6
22.0	28.921182091092263	21.00024143645691	21.22756607587982	28.850927148304763	8.324826624358303E-5
23.0	28.918157129338663	21.027400153018554	21.225406566399048	28.829027908841137	8.242402598374558E-6
24.0	28.925135971618705	21.040035756201863	21.232414257088188	28.80233818498734	7.583010390504594E-5
25.0	28.90719555812308	21.05125449037851	21.21251050329363	28.829005654354123	3.379385065333569E-5
26.0	28.926385519852616	21.064420080048897	21.233792386802634	28.775173698743878	2.2831455197497527E-4
27.0	28.895079226303473	21.056305434690795	21.256105394876695	28.7925025259667	7.418162338537103E-6
28.0	28.914040049240775	21.0534527391515	21.265939405416816	28.76655132138572	1.6484805196749117E-5
29.0	28.89037611138084	21.068563535835096	21.25264276154512	28.78839945795323	1.8133285716424028E-5
30.0	28.88827594719877	21.07589597718661	21.286334406406233	28.74946152383825	3.214537013366078E-5
31.0	28.872498340144965	21.1261622694328	21.266764469916914	28.734531235771556	4.368473377138516E-5
32.0	28.89371346019292	21.12731373307579	21.243982469135005	28.734983743674203	6.593922078699647E-6
33.0	28.892938674348674	21.098388669637316	21.257412639928795	28.751096816513765	1.6319957144781625E-4
34.0	28.886349697711534	21.102104344728666	21.266791669845485	28.744746869551978	7.418162338537103E-6
35.0	28.881371286542112	21.12879077162142	21.24518421143385	28.74464466375976	9.066642858212014E-6
36.0	28.917305689150247	21.1059947587551	21.24154189372563	28.73483702890795	3.2062946107677036E-4
37.0	28.881868303418795	21.116745324464155	21.23979368013451	28.761459989300704	1.327026818338304E-4
38.0	28.86176755620214	21.13897920547327	21.24415555958957	28.754830624890833	2.670538441873357E-4
39.0	28.87753032693127	21.135308863596215	21.24954196968761	28.737519930953724	9.890883118049471E-5
40.0	28.862732398893453	21.127255544887802	21.278241709321872	28.731666381256225	1.0396564064296115E-4
41.0	28.832204570976046	21.163043007707216	21.26707506735061	28.737579059339087	9.829462704305073E-5
42.0	28.87000179819086	21.143773417070083	21.24947449408032	28.73652703617208	2.2325448665652998E-4
43.0	28.895961814742687	21.104844405876822	21.231916032801227	28.767172623356803	1.0512322246149848E-4
44.0	28.883955965895435	21.11535711570238	21.245030572094812	28.755551941339125	1.0440496824464887E-4
45.0	28.88770544481399	21.09619496370537	21.23349480814096	28.782513539325926	9.124401374984246E-5
46.0	28.862384579241905	21.10547339628113	21.253019052217706	28.778907903232852	2.1506902640402436E-4
47.0	28.855599938027872	21.0978378400755	21.23930672813383	28.807134961000003	1.2053276279163921E-4
48.0	28.838211383906664	21.105509962342346	21.262314297106403	28.793802919736272	1.614369083134474E-4
49.0	28.841389928082773	21.13373723022793	21.250165655108347	28.77461471629166	9.247028929604918E-5
50.0	28.86208277176711	21.137812145669518	21.273261067887706	28.726730592226314	1.1342244935178904E-4
51.0	28.899996570086152	21.121400314596908	21.232920106084865	28.744486547072995	0.0011964621590830114
52.0	28.88665724601134	21.096124954466738	21.242986540543786	28.77412594111126	1.0531786687520719E-4
53.0	28.864509199089976	21.114359924042308	21.245636113698627	28.77531318473166	1.8157843742499954E-4
54.0	28.82167895779821	21.11867083367912	21.259714567869985	28.799766379792413	1.6926086027955055E-4
55.0	28.832023183650225	21.120624414124762	21.2416958589534	28.805548321673445	1.0822159816857512E-4
56.0	28.832861563043856	21.12925230490977	21.254645819381103	28.783148769839954	9.154282532098736E-5
57.0	28.81429286134144	21.122987112421043	21.249894314763157	28.812761812683586	6.389879077255723E-5
58.0	28.84020737996456	21.12724588977697	21.24241143723193	28.790054492227323	8.080079921417182E-5
59.0	28.865553507470647	21.09876048514231	21.247803606648063	28.787804883823505	7.751691547588396E-5
60.0	28.82339527973618	21.11926120652271	21.26047896673319	28.79674223892139	1.223080865290405E-4
61.0	28.821670241715402	21.11933406565328	21.24215288553846	28.816747389896364	9.541719649246386E-5
62.0	28.822615448745033	21.116881794482918	21.250751080582678	28.80949132384695	2.603523424327125E-4
63.0	28.8349856367072	21.11386523216538	21.2312224404531	28.819512853166728	4.138375075912524E-4
64.0	28.834007028900206	21.116896776888947	21.246250324658952	28.80273827120396	1.0759834794004912E-4
65.0	28.85263135431507	21.102931938853136	21.22882647026204	28.81551100016085	9.923640891222341E-5
66.0	28.854300430153785	21.090563373332078	21.238596888049162	28.81644590549707	9.3402967906477E-5
67.0	28.848326187205426	21.10311895130952	21.234823768694056	28.81362908499363	1.0200779737402349E-4
68.0	28.837739214146946	21.12956335304512	21.225024725723543	28.807577392938022	9.531414636305854E-5
69.0	28.81199222222099	21.117861057950723	21.237760958619866	28.831963185474706	4.225757337077672E-4
70.0	28.81758201311922	21.11963847407218	21.237990993154774	28.824404695776373	3.8382387744971E-4
71.0	28.846317147740173	21.12838030276708	21.223914292622013	28.8011653758239	2.2288104683111656E-4
72.0	28.842954803791933	21.136886431767373	21.21852263093395	28.80154807410061	8.805940614070214E-5
73.0	28.84432544929715	21.13052955938844	21.215270550914358	28.80980682563053	6.761476952376042E-5
74.0	28.841218188123975	21.123386798428836	21.21253674371616	28.822726344225597	1.3192550543638024E-4
75.0	28.861865289470877	21.113890829273785	21.186255570130516	28.837911158643898	7.71524809228918E-5
76.0	28.871498380985354	21.112269396172376	21.20449861741093	28.811619514500542	1.1409093079781995E-4
77.0	28.874180966737207	21.100065563260927	21.201871746423283	28.823819064111856	6.265946673343247E-5
78.0	28.853862744871524	21.107402894510397	21.225240897489673	28.813438493361133	5.496976727217726E-5
79.0	28.837759399228613	21.116905553228996	21.234646992210834	28.81048695391975	2.0110141180667936E-4
80.0	28.843792542801072	21.12601183912442	21.205008013125063	28.82485396121278	3.3364373666263465E-4
81.0	28.852559188436693	21.132675661426973	21.196825616190228	28.817561811798743	3.7772214736469064E-4
82.0	28.8518903100694	21.123129928277017	21.185380239892325	28.839538394977154	6.11267841046496E-5
83.0	28.84363481762209	21.12564808686634	21.17843653950927	28.852208192309202	7.236369309865133E-5
84.0	28.830069281193182	21.121712896481835	21.167611932635694	28.88054985954017	5.603014911639765E-5
85.0	28.848886361021247	21.095016368748034	21.175048738794736	28.88097262640215	7.590503383208117E-5
86.0	28.813820393053852	21.12901473858719	21.186795907186358	28.870285234109154	8.372706344571013E-5
87.0	28.83649999841504	21.11741554530731	21.183581542340242	28.862116821818546	3.860921188674158E-4
88.0	28.8579392117498	21.124285500866197	21.175582741598785	28.841960900902215	2.3164488300083706E-4
89.0	28.855346234862584	21.10797013928724	21.18199647927492	28.85460065204936	8.64945258955226E-5
90.0	28.8403232186168	21.13291155703612	21.17062809962925	28.856030654169334	1.0647054849341795E-4
91.0	28.84101873584095	21.12687338139577	21.16731618154826	28.864719803673626	7.189754139513939E-5
92.0	28.83398184047093	21.117125586006757	21.169509526447115	28.87930936211231	7.368496288856845E-5
93.0	28.846910178911983	21.126490878948594	21.173525720665197	28.85296738093473	1.0584053949803232E-4
94.0	28.830770450466286	21.137843491379744	21.161750021198582	28.86955007035585	8.596659954469831E-5
95.0	28.863492575988076	21.136078543808225	21.14129463090565	28.859050819714344	8.342958369758819E-5
96.0	28.84542153147735	21.121253475823572	21.152176647658028	28.88100048715694	1.4785788411593106E-4
97.0	28.841618238891552	21.113252140754	21.160358564870062	28.88468052814347	9.052734091081996E-5
98.0	28.82568126382911	21.121981997423365	21.163303753834718	28.88894325159682	8.973331598256905E-5
99.0	28.829475562247296	21.110821486366106	21.146495465745147	28.911971094607587	0.00123639103386312
100.0	28.801617617791486	21.135931635997846	21.16929588869295	28.893074573175713	8.028434200689877E-5
101.0	28.83141953358744	21.138699334677778	21.14450734701333	28.885280332492897	9.345222855704117E-5
102.0	28.86203383403691	21.127370340165125	21.12876196287439	28.881640679117826	1.9318380574597345E-4
103.0	28.872300222289475	21.099469793190384	21.137592433601224	28.890542185261175	9.536565774175347E-5
104.0	28.85208575731576	21.103084378381254	21.140231700158306	28.904443164711523	1.549994331574402E-4
105.0	28.863048803672903	21.10122621032737	21.13254292789678	28.903089150964345	9.290713860501352E-5
106.0	28.847851808353838	21.09007637305891	21.160054334466476	28.90192273673678	9.474738399840909E-5
107.0	28.85345829647837	21.09018122578783	21.139264681028415	28.91699128721025	1.045094951355309E-4
108.0	28.830414126590416	21.097539402877853	21.159570066315666	28.912243437580422	2.3296663564371592E-4
109.0	28.840875229613474	21.11316467476038	21.164602035257992	28.88124805745862	1.1000290953295598E-4
110.0	28.844831600219408	21.112010087840844	21.131683199183176	28.911385261086096	8.985167048393854E-5
111.0	28.862426838076598	21.110613710476194	21.122645558287967	28.904192207926695	1.216852325411848E-4
112.0	28.866557441153372	21.099846352910188	21.13452425737865	28.898798324286123	2.7362427166625165E-4
113.0	28.854155379264146	21.101783549199716	21.108563059143904	28.93529214430713	2.0586808510307436E-4
114.0	28.857560065032818	21.096071821963992	21.09923030913656	28.946706176384073	4.316274825567659E-4
115.0	28.8548423999354	21.087288328287542	21.13010257569039	28.927641849974993	1.2484611167227913E-4
116.0	28.86293442253663	21.106400355553294	21.104247243815315	28.92630894855842	1.0902953634072784E-4
117.0	28.8848800944005	21.10017980916983	21.096221045238096	28.918409342917155	3.0970827441739816E-4
118.0	28.865591920918	21.09836359378253	21.121764546243938	28.914138680458674	1.412585968627212E-4
119.0	28.843238913111975	21.10303118881473	21.123329328199095	28.930232463816463	1.6810605773825806E-4
120.0	28.875670974528838	21.094065061782683	21.095290384759696	28.934839113979997	1.3446494878581846E-4
121.0	28.904346753387056	21.08806982196512	21.08816789694146	28.91928089751157	1.346301947941107E-4
122.0	28.892786910019165	21.086569313383617	21.088660918510847	28.93185698684312	1.2587124325223013E-4
123.0	28.902258463907888	21.057233501934615	21.089753268450163	28.95061890169463	1.3586401270857673E-4
124.0	28.8905389870734	21.063251243250704	21.096817830926497	28.949097494997854	2.9444375154202607E-4
125.0	28.931910643237707	21.067257737597984	21.06333353466642	28.93736635172078	1.3173277710437734E-4
126.0	28.93813073115013	21.03673208663055	21.046321615665246	28.978635207675442	1.8035887863509283E-4
127.0	28.93460373642489	21.046284149129033	21.057740365916956	28.961239665088513	1.3208344061369022E-4
128.0	28.97591541578879	21.043296882155012	21.050013808164305	28.930558844284903	2.1504960699549353E-4
129.0	28.999537954296205	21.018210713999476	21.04088946780723	28.941220386392907	1.4147750418471534E-4
130.0	28.965589473660273	21.02066280512785	21.052877089235796	28.960730754282256	1.398776938323106E-4
131.0	29.001106222332297	21.004041929716994	21.021547363789626	28.973164404538927	1.400796221609758E-4
132.0	29.0077402147189	20.994420668195684	21.032777131876173	28.964914456867852	1.4752834139361516E-4
133.0	29.006690438848125	21.009110639189206	21.016206055158012	28.967763543830706	2.2932297395350567E-4
134.0	29.014837355666582	21.00880459565473	20.97192322421784	29.00409712120502	3.3770325582795476E-4
135.0	29.03246536014957	20.990979503235106	20.934795113041808	29.04159636912606	1.6365444745280718E-4
136.0	29.021033904947092	20.96858517951671	20.95403942190808	29.056196700824017	1.4479280409268608E-4
137.0	29.029664866195297	20.97929366257995	20.900565511518586	29.090342788072387	1.3317163378161916E-4
138.0	29.0302369175795	20.961937419585947	20.915731745889936	29.09195503769758	1.3887924703473163E-4
139.0	29.076928037747074	20.960895499391277	20.974365692522838	28.98766615591231	1.44614426499045E-4
140.0	29.138456174417833	20.939320836989612	20.995861178419148	28.926177502286286	1.8430788711400496E-4
141.0	29.072235424632257	21.02129229167566	20.992191452398746	28.914007075055427	2.737562379102287E-4
142.0	29.254510319057825	20.87829678864048	20.95032158456539	28.91673232414247	1.389835938335354E-4
143.0	28.792071841855854	21.117907294084752	20.975939293019515	29.1139377191321	1.438519077805993E-4
144.0	28.711751825992266	21.442204755888355	20.673649685356356	29.172247759443508	1.45973319514033E-4
145.0	28.6349074388093	21.240158809099125	20.92999196156868	29.194878842744345	6.294777855993479E-5
146.0	29.27295680631843	21.2581160445116	20.572767821851645	28.896121299102113	3.802821621296639E-5
147.0	29.770662797895426	21.088600500618092	20.6866931543581	28.45402033658061	2.3210547771619835E-5
148.0	29.944241626762086	20.953115484408148	20.505796995605515	28.596546854983245	2.9903824101026037E-4
149.0	30.340068344561427	20.094836218425186	19.99151732523185	29.563112980895202	0.010465130886331823
150.0	26.927296459086357	19.897432150690715	23.989096846111522	29.154910123511147	0.03126442060025792
