# Position (bp)	A	C	G	T	N
0.0	27.926857463492993	25.405192298582634	23.227618496183762	23.440306287524766	2.5454215845590452E-5
1.0	28.434347073782074	21.139248993215766	21.0131666258678	29.378685754545558	0.03455155258880448
2.0	27.629771128672765	22.35766085225347	22.487554988424314	27.524827214873778	1.8581577567281028E-4
3.0	27.282197629433607	22.09219247164585	22.80051584495664	27.823625345709612	0.0014687082542905688
4.0	27.771544747378744	22.340096170609222	22.642904613151536	27.245431560066237	2.2908794261031404E-5
5.0	27.732561615811225	22.397033433323433	22.529458991260118	27.340877233222443	6.872638278309421E-5
6.0	27.750121206612306	22.10053890902162	22.928443642953408	27.22086187822128	3.4363191391547104E-5
7.0	27.169394726492285	22.522357265039197	22.507383822568027	27.800826004576717	3.818132376838568E-5
8.0	27.242221783448105	22.297694537853637	22.42090566965422	28.039108009950457	6.999909357537373E-5
9.0	27.383738314574043	22.25871776984008	22.569227385386476	27.78829234869435	2.4181505053310928E-5
10.0	27.506957082639378	22.279334411964214	22.44463408966548	27.76904005253954	3.4363191391547104E-5
11.0	27.62533318614009	22.238293307045577	22.373394103067632	27.762925949893425	5.3453853275739946E-5
12.0	27.58803894179392	22.336535125812425	22.348545697559167	27.726801326765365	7.89080691213304E-5
13.0	27.6122255376904	22.245829027646664	22.379196391569636	27.762724861588246	2.4181505053310928E-5
14.0	27.584538987115153	22.28503870173521	22.53270313106964	27.597406093225096	3.1308685490076256E-4
15.0	27.424401424387373	22.321364413168453	22.626032286178287	27.62815478596657	4.709029931434233E-5
16.0	27.3941961791542	22.445509714690566	22.681717201472892	27.4785501777557	2.6726926637869973E-5
17.0	27.25348909209216	22.531628963160955	22.73389961666715	27.480967055550238	1.527252950735427E-5
18.0	27.301704467746873	22.520173293319644	22.732677814306555	27.445427879386624	1.6545240299633793E-5
19.0	27.368118335020398	22.546898947246724	22.652830484620527	27.43210387010225	4.8363010106621856E-5
20.0	27.40340042360397	22.52849554919036	22.606851261827842	27.461233674715945	1.909066188419284E-5
21.0	27.403754237204225	22.521658546814237	22.564487810396024	27.510039588178277	5.981740723713756E-5
22.0	27.36403802422035	22.600370618473555	22.545325876707466	27.490166209156836	9.927144179780276E-5
23.0	27.4908967451516	22.502826245220874	22.565675249565224	27.440474488983075	1.2727107922795225E-4
24.0	27.48278321385082	22.50677546680932	22.543146995831084	27.4672739601361	2.036337267647236E-5
25.0	27.441121026065552	22.434420585557437	22.622552694872194	27.501817876460155	8.781704466728706E-5
26.0	27.42061256435876	22.522400537206135	22.712609710533894	27.344346642842197	3.054505901470854E-5
27.0	27.432385139187343	22.477392392747962	22.725502270859685	27.364665470640944	5.472656406801947E-5
28.0	27.412875755452493	22.54585914252943	22.767248457557248	27.273998826509743	1.7817951091913314E-5
29.0	27.317209903329214	22.633022013849484	22.689436192428065	27.360209710157175	1.2218023605883415E-4
30.0	27.318916608501663	22.703950186303224	22.577474551320446	27.399639563212787	1.909066188419284E-5
31.0	27.29306021604571	22.76049163596103	22.50536403054068	27.441037027153257	4.709029931434233E-5
32.0	27.372192282266482	22.74583891660952	22.478266745062257	27.403651147630047	5.0908431691180904E-5
33.0	27.39554270717244	22.660097663244443	22.454693595767655	27.489593489300308	7.254451515993278E-5
34.0	27.393592914238663	22.65503991055592	22.55634246132544	27.395000532374926	2.4181505053310928E-5
35.0	27.480422335331138	22.59460142045215	22.635165258823683	27.28979316744193	1.7817951091913314E-5
36.0	27.3907025880294	22.687556398587873	22.71384805813478	27.207834410551506	5.8544696444858036E-5
37.0	27.364249294211866	22.695201572317096	22.625602109930494	27.314925387457073	2.1636083468751883E-5
38.0	27.29958285885614	22.789920527610914	22.63803394894948	27.27237102940642	9.163517704412562E-5
39.0	27.241665608831877	22.743886578254163	22.66492123714718	27.349390395712003	1.3618005477390892E-4
40.0	27.28269723179453	22.846996109308158	22.593219021639023	27.276975419863614	1.1221739467807732E-4
41.0	27.297901398380326	22.816720714591256	22.5623037568919	27.322983410682955	9.07194535652988E-5
42.0	27.279836694604224	22.824427570835056	22.553236514753394	27.342299482288034	1.9973751929227567E-4
43.0	27.318649763091983	22.696573883367122	22.568856670340555	27.415845261901957	7.442129837989067E-5
44.0	27.35056397015901	22.728284324395368	22.5488353288704	27.37221865918028	9.771739494219649E-5
45.0	27.431234378270847	22.630685438635233	22.548681726009598	27.389308287908786	9.016917553595366E-5
46.0	27.38664172331726	22.636143795077675	22.642438401014694	27.334712837676506	6.324291386382247E-5
47.0	27.398107629850347	22.586405170364564	22.650632658997726	27.364780826087532	7.371469982462496E-5
48.0	27.307737498675426	22.67304315341841	22.72221576661269	27.296918072718075	8.550857540238813E-5
49.0	27.270656948473675	22.731319382775588	22.73773191241196	27.26022685219266	6.490414611709454E-5
50.0	27.30565489917751	22.728474256647974	22.668448501787793	27.297237691768444	1.8465061827398744E-4
51.0	27.320026117992214	22.743492022038243	22.609667533862098	27.326755706002825	5.862010462203632E-5
52.0	27.336203321971137	22.733299321900983	22.52834338226052	27.40202087203726	1.331018301031868E-4
53.0	27.274510244344462	22.67920428314639	22.62047473608377	27.42574275030678	6.798611859430542E-5
54.0	27.295167285544135	22.701514703008634	22.646655516506446	27.356608788478354	5.370646243050875E-5
55.0	27.35345042473229	22.63703105541448	22.618578014237542	27.390863076597167	7.742901852209737E-5
56.0	27.407450458196514	22.673822175335822	22.666233889356192	27.252389600037763	1.0387707371182895E-4
57.0	27.399410237242865	22.581293933086844	22.716345639257764	27.302797378243778	1.5281216874916061E-4
58.0	27.34590714619875	22.63132841733411	22.710985799929734	27.31156221570435	2.164208330547245E-4
59.0	27.282179667207252	22.694992115829223	22.71325706850959	27.309505062077644	6.608637629484854E-5
60.0	27.197617317367616	22.805540286706215	22.68419854574959	27.312569724908027	7.412526855353154E-5
61.0	27.224210472791892	22.809315076163124	22.572691666804083	27.3936502302754	1.3255396550298953E-4
62.0	27.246494260800535	22.795992247020372	22.538423725140284	27.41901676046441	7.300657440131191E-5
63.0	27.285978928711806	22.75641651035985	22.5054731533567	27.452063619529486	6.778804215746317E-5
64.0	27.336838252759076	22.717649994142437	22.509772387689914	27.435683465011156	5.5900397417220636E-5
65.0	27.357666892247543	22.68298404189637	22.548331154151505	27.410953944853055	6.396685152464858E-5
66.0	27.337031629167658	22.650997947626237	22.66071040471587	27.351206638676608	5.33798136281173E-5
67.0	27.332625031589913	22.619006357479364	22.69905106397182	27.34926543712945	5.210982945575185E-5
68.0	27.32700736114068	22.633892883338806	22.68728832392765	27.351769959925527	4.147166733279975E-5
69.0	27.26665226252048	22.681930668319836	22.70976921903074	27.3415098896438	1.3796048514353763E-4
70.0	27.207871077466145	22.793241997693656	22.646397880919462	27.352440765962	4.827795873816972E-5
71.0	27.22796903188071	22.786382830507907	22.598833119804315	27.386678058461634	1.36959345431006E-4
72.0	27.237727377820462	22.7769320099665	22.55178946715122	27.4334543390524	9.680600941589029E-5
73.0	27.263357093561385	22.730598267361476	22.514980328628788	27.49099697571429	6.733473406638324E-5
74.0	27.30531320119144	22.72100383540397	22.506250397338164	27.467377272507935	5.529355849194021E-5
75.0	27.389022721391342	22.600754354298545	22.57395783979034	27.436207007396597	5.8077123178066617E-5
76.0	27.392589959989888	22.56213275011946	22.665408253318883	27.37981358119057	5.545538119542109E-5
77.0	27.376614979923026	22.624583681769163	22.68532941837332	27.313409616614898	6.230331959400666E-5
78.0	27.323012201174464	22.61956283245578	22.71781905074514	27.33945265941433	1.5325621028748453E-4
79.0	27.283752374638166	22.688286579688125	22.702952598690498	27.324922887283503	8.555969970826995E-5
80.0	27.282071055941493	22.75700755489889	22.663055143328087	27.297807765276573	5.848055495707432E-5
81.0	27.308057163925664	22.710684233782324	22.630204023618262	27.35095924072531	9.53379484436618E-5
82.0	27.279792925599892	22.722531007044026	22.566066513788993	27.43155227353713	5.7280029955819096E-5
83.0	27.295120575988186	22.703516384688704	22.54542021245822	27.45589502488462	4.780198026941852E-5
84.0	27.287694548867027	22.70807025186873	22.537126312051807	27.467070590561576	3.8296650863508096E-5
85.0	27.351240805723247	22.611219457570634	22.541124644240263	27.496354821775114	6.0270690739785056E-5
86.0	27.41708940269175	22.55754218327049	22.590469130880305	27.43485675783246	4.252532499705272E-5
87.0	27.419197477481163	22.541261780346954	22.65547288491167	27.38402389715357	4.3960106642822705E-5
88.0	27.376027776553357	22.597328024469466	22.688280399054076	27.338317024337556	4.6775585543658596E-5
89.0	27.324962867690328	22.643343473265165	22.6685975495252	27.362948690743544	1.4741877576780315E-4
90.0	27.246741761723698	22.72670395006196	22.660124717332497	27.36638817789926	4.139298258971139E-5
91.0	27.266686669519835	22.737380829096203	22.584067844909615	27.411805236586297	5.9419888054865506E-5
92.0	27.290862240721474	22.7265393995293	22.51255050139795	27.469927450930758	1.2040742051279916E-4
93.0	27.29462026643434	22.69561049754487	22.50065965735245	27.508940462415126	1.69116253215548E-4
94.0	27.302464989728986	22.677680012639883	22.506153216432555	27.513642075271928	5.970592665049154E-5
95.0	27.369331561798038	22.63691613773557	22.491059057951503	27.502650126155686	4.311635920344557E-5
96.0	27.38892036031898	22.63898318282287	22.53432103763035	27.43772526432089	5.015490691298039E-5
97.0	27.39440400915971	22.581957893707944	22.59078484874172	27.432684384903023	1.6886348760264283E-4
98.0	27.40407033046009	22.559616741262296	22.620731504403167	27.41552270807126	5.8715803182279104E-5
99.0	27.331310073945048	22.61846229186797	22.626398720222568	27.423775696340012	5.321762439997829E-5
100.0	27.31782850036282	22.660636632701838	22.567235872412525	27.454143275150166	1.5571937264733103E-4
101.0	27.263369252812275	22.72316036284208	22.547684872469564	27.46573351080969	5.2001066387273844E-5
102.0	27.286618511277606	22.73124143313353	22.470751524889206	27.511280109403565	1.0842129609408198E-4
103.0	27.331463937526546	22.696080412658084	22.40781876101141	27.564576226197595	6.066260636323937E-5
104.0	27.34081594937437	22.636814738929566	22.463985125460812	27.55830502784947	7.915838578071131E-5
105.0	27.367566467019223	22.567222292056535	22.48663294554635	27.578514559273692	6.373610420144858E-5
106.0	27.395924406531012	22.57228786450739	22.4724845432301	27.55926202738169	4.115834981074752E-5
107.0	27.45086766796913	22.50921977043749	22.539412338946654	27.500417729290145	8.249335658242653E-5
108.0	27.407268894696728	22.53554440419477	22.604109146288565	27.452989176150293	8.837866964272808E-5
109.0	27.38167379106351	22.559763709766944	22.61085962959423	27.447562853353443	1.400162218794206E-4
110.0	27.351695793616692	22.601425792887046	22.599587002530413	27.447221239059715	7.017190613318928E-5
111.0	27.354675592436177	22.653534404322315	22.54729684528829	27.4443596503997	1.3350755351284214E-4
112.0	27.311931022126128	22.6547411918554	22.50914756442342	27.52407803547853	1.0218611652501633E-4
113.0	27.338712847620023	22.62675337910013	22.426499344449986	27.60781074580193	2.236830279304771E-4
114.0	27.290272888588447	22.650275762411646	22.438519454803206	27.620859527577103	7.236661959989973E-5
115.0	27.390609912283605	22.582556674489833	22.40297581108348	27.623776312962878	8.128918020544012E-5
116.0	27.49001288262934	22.506278450765755	22.418093144290253	27.585532525064373	8.299725028653709E-5
117.0	27.540773535761303	22.465675702828204	22.455678944688326	27.53773739670625	1.3442001591182327E-4
118.0	27.52173714552672	22.454438442304777	22.522800448597895	27.50092130690558	1.0265666503310582E-4
119.0	27.496450541461975	22.480597230952544	22.586651691338385	27.436181246517588	1.192897295106856E-4
120.0	27.44947229158403	22.555140158878356	22.532801283178394	27.462473839728325	1.124266308984299E-4
121.0	27.425805860849422	22.60553697101446	22.521525992327287	27.446893335965427	2.3783984340624713E-4
122.0	27.406974862897243	22.64568223523611	22.452227964708772	27.494917722359723	1.9721479815580853E-4
123.0	27.442905024717145	22.6283969417396	22.415288694250478	27.51328465924357	1.2468004921226694E-4
124.0	27.460801850361623	22.619999795752484	22.406171380947054	27.512871370172697	1.5560276613979873E-4
125.0	27.574410535369093	22.519349006040382	22.36250221214844	27.54359998716468	1.382592774102208E-4
126.0	27.553610138894392	22.490777494324483	22.37739023396876	27.578052489784245	1.696430281231614E-4
127.0	27.56146190679982	22.486149635167795	22.40289400934015	27.549316105277473	1.7834341475858175E-4
128.0	27.59739845951178	22.469732411334448	22.493197205049352	27.439433734253253	2.381898511697009E-4
129.0	27.601573295627656	22.471890422297434	22.446485066096958	27.479867570300925	1.836456770188928E-4
130.0	27.56772784865531	22.516422134878315	22.422428344650996	27.493269770884847	1.5190093052630855E-4
131.0	27.520028186200772	22.560496836632908	22.451805785653942	27.46752262478132	1.465667310604185E-4
132.0	27.53964796062336	22.604191093312433	22.419876411529323	27.436100529172457	1.8400536242386202E-4
133.0	27.594763021146555	22.566796267113656	22.41892062196717	27.419371580167113	1.4850960550547146E-4
134.0	27.611828587254234	22.50723346328554	22.368509620028078	27.51227231537075	1.5601406140259888E-4
135.0	27.691666371412754	22.46409653047613	22.252462628141547	27.591597965345372	1.765046241944507E-4
136.0	27.707265032069166	22.362143787393194	22.22268400239413	27.70758773491871	3.1944322480151983E-4
137.0	27.794248734501547	22.28839758498755	22.169771274968156	27.747397098055227	1.8530748751958173E-4
138.0	27.848279433002855	22.244524838466038	22.20885818413388	27.698155992709278	1.8155168794711023E-4
139.0	27.852291702366294	22.24665832773145	22.201571927220183	27.699315239909406	1.628027726641187E-4
140.0	27.89827253416749	22.28837468329436	22.18432226247905	27.62883988966982	1.906303892799636E-4
141.0	27.84962025488632	22.380742499915744	22.197304774454658	27.572111944147988	2.2052659528854862E-4
142.0	28.032524530402892	22.295077471352833	22.223751092582965	27.448490967664423	1.5593799688286725E-4
143.0	27.80790973338233	22.337654324739358	22.352881162105945	27.501346496987445	2.082827849224843E-4
144.0	27.330297634073407	22.73048909399512	21.91335106642853	28.025640365544785	2.218399581537612E-4
145.0	27.43323820624226	22.335753334519197	22.21020712284123	28.0207112621264	9.00742709133013E-5
146.0	27.462181651976813	22.447408470418278	22.088747040401678	28.00163665244002	2.6184763215463087E-5
147.0	28.128383229348564	22.595223994821094	21.72624950633924	27.548315610891557	0.0018276585995476529
148.0	27.85126151785859	22.311689696543862	21.79000246828549	28.04700053658533	4.578072672959497E-5
149.0	29.63778106396505	20.888651569114057	20.449881350057357	28.98489134665465	0.038794670208881714
150.0	23.95071368749765	23.07593574564808	24.65962584104876	28.313724725805507	0.0
