# Position (bp)	A	C	G	T	N
0.0	27.89144352150116	25.38741031432774	23.92947707413107	22.791622643842455	4.6446197576241306E-5
1.0	26.96574242001926	22.359745256024084	22.081322234481153	28.588820276386873	0.00436981308863137
2.0	26.69701762256468	22.753898010033307	23.090421354227654	27.45692902179818	0.0017339913761796751
3.0	26.174695296171663	23.474348203737176	23.253145607436014	27.093518489895814	0.004292402759337634
4.0	27.221075230506024	23.420260316487486	22.77736237101439	26.580017070525813	0.0012850114662760093
5.0	26.85506113119508	23.310653741068332	22.99831596408966	26.83465576839325	0.0013133952536837125
6.0	27.1963219875422	22.77742945996645	23.44047086329393	26.583875975441106	0.0019017137563161022
7.0	26.514846604465575	23.506310928702558	22.74745876080822	27.229491023472413	0.001892682551231833
8.0	26.996933622036018	23.066793141382895	23.106142101935056	26.82879967698218	0.0013314576638522508
9.0	26.895762192165567	23.11458369834454	23.106481417211793	26.88191606459923	0.0012566276788683064
10.0	26.815221905224057	23.220677134985912	23.07643459789643	26.88636973887793	0.0012966230156700696
11.0	26.95614095884253	23.142152096950348	23.02455161485946	26.875586480007314	0.0015688493403530398
12.0	26.988706194204248	23.169316671671673	22.94232765325581	26.89827931803977	0.0013701628284991186
13.0	26.992087735422228	23.086078634754276	23.004430089931706	26.916171425483864	0.0012321144079252902
14.0	27.032312722867562	23.028705969198224	23.07180933072113	26.86587406402526	0.0012979131878249651
15.0	26.989977013776816	22.998384343213868	23.186390809969563	26.82398862501657	0.0012592080231780976
16.0	26.906973788191614	23.14712571060747	23.226609346554124	26.71820870020884	0.0010824544379574015
17.0	26.803974184377676	23.184462002597993	23.28910399556511	26.721534764024156	9.250534350601393E-4
18.0	26.780431122895145	23.23243447383348	23.311076917535136	26.67503824973388	0.0010192360023675176
19.0	26.794908144645223	23.27459600968331	23.210866665920086	26.718480926533523	0.0011482532178570767
20.0	26.79514295597742	23.280521770390745	23.15435454519135	26.768859568837883	0.0011211596026042693
21.0	26.7777720780839	23.27583715529632	23.123519430689345	26.821421182428328	0.001450153502102645
22.0	26.760682457720154	23.331824175958012	23.111147969896052	26.795393249375465	9.521470503129468E-4
23.0	26.852211140904913	23.24506396905775	23.138295772379365	26.763398270106208	0.001030847551761578
24.0	26.85391029763291	23.182801551034643	23.18645918909377	26.775755539005804	0.0010734232328731325
25.0	26.83106392911402	23.13170944352862	23.2433119152714	26.792807744377058	0.0011069677089004177
26.0	26.830840729331225	23.206462018183274	23.318454121916833	26.643107779072366	0.0011353514963081208
27.0	26.767639065979353	23.18299894737434	23.381250671212065	26.66690887498588	0.0012024404483626915
28.0	26.7294254569235	23.259298438442713	23.377040839470638	26.63306249867435	0.001172766488800093
29.0	26.694594679257783	23.358093371203843	23.333853616757665	26.612178482003053	0.001279850777656427
30.0	26.691552453316543	23.39671209431633	23.20498993175454	26.70538696933348	0.0013585512791050582
31.0	26.71600895668474	23.369979727266895	23.209751957178256	26.702896937074538	0.001362421795569745
32.0	26.764178824259922	23.323376128687755	23.156252388431202	26.75492828990932	0.00126436871179768
33.0	26.800045610166016	23.247215976212114	23.19389316105028	26.75782214605275	0.0010231065188322044
34.0	26.833481711732293	23.23859633604526	23.21597961816994	26.71097212459203	9.702094604814851E-4
35.0	26.850350712657555	23.25123873299108	23.251450321224482	26.645898421443405	0.0010618116834790721
36.0	26.776292250622234	23.264864241118932	23.337383527773458	26.592349826154464	0.029110154330909237
37.0	26.7214134878416	23.295389714303763	23.33950457079611	26.642931025487144	7.612015713883991E-4
38.0	26.688290898108963	23.36413395723306	23.354216403878382	26.592603990068973	7.547507106139212E-4
39.0	26.64746856095591	23.38555855603726	23.346635352296214	26.61925120575619	0.0010863249544220883
40.0	26.615965717366265	23.48260303537968	23.271914427581912	26.606607957119348	0.022908862552798545
41.0	26.660725695449205	23.4272425067807	23.21179179188183	26.699322394638237	9.176112500279788E-4
42.0	26.62576646791551	23.45206420645155	23.188941176388063	26.732398083553683	8.300656911909598E-4
43.0	26.66705417191918	23.394910860705806	23.18258767023131	26.75440952266033	0.0010377744833754844
44.0	26.71601846428929	23.37489361200037	23.17620217786977	26.731252923026933	0.0016328228136385054
45.0	26.757225148898005	23.322809213850864	23.232428297954986	26.68665168795204	8.856513441047724E-4
46.0	26.763320959730883	23.299753872893593	23.27643133673445	26.659623136611515	8.706940295553154E-4
47.0	26.733725236432804	23.288508636996593	23.317058899463554	26.659771368404577	9.358587024758102E-4
48.0	26.657554513391528	23.32439505901447	23.4113156515871	26.605844080065182	8.906959417165469E-4
49.0	26.626782031594676	23.38869669589992	23.382256361804547	26.601416942183793	8.479685170686949E-4
50.0	26.649967600506685	23.387255602567418	23.32073130882645	26.64080215472983	0.0012433333696137746
51.0	26.63742224499725	23.398148989745078	23.26357424863465	26.699863034818822	9.9148180419851E-4
52.0	26.643331419559065	23.441203847879706	23.194711336046517	26.719481479241384	0.0012719172733297401
53.0	26.602987490563784	23.41073488699971	23.22204919469022	26.76333752015445	8.909075918370352E-4
54.0	26.62413979868899	23.397620052160807	23.264475247603116	26.71270334758102	0.0010615539660678954
55.0	26.656708005454057	23.362985695008014	23.247061945852877	26.73189726034053	0.0013470933445211334
56.0	26.720835791066804	23.31859748318147	23.317823319819208	26.640376562736446	0.002366843196073766
57.0	26.698650966942772	23.221018750983834	23.39540027372099	26.67351789082934	0.011412117523056434
58.0	26.624907108462708	23.20192560155651	23.342817407895716	26.593869818187795	0.23648006389726606
59.0	26.60709433950808	23.33661900845256	23.40344657466912	26.651442753999405	0.001397323370837845
60.0	26.557311389930288	23.404681608160516	23.37938709160512	26.65750289662574	0.0011170136783352832
61.0	26.572240783345624	23.421309216053523	23.257535880138004	26.747818683098444	0.001095437364403861
62.0	26.605949189893007	23.39227407243535	23.221194932522838	26.77944786261327	0.0011339425355356757
63.0	26.614158114086763	23.395097649504557	23.22452255006897	26.76506411655733	0.0011575697823819496
64.0	26.671182266618892	23.335107996076438	23.21517264662439	26.777362560301487	0.0011745303787955258
65.0	26.680108122180606	23.27005055189837	23.277716964611383	26.770676490732576	0.0014478705770670718
66.0	26.657178908216956	23.265195421641884	23.384564051177527	26.69165510402235	0.0014065149412852548
67.0	26.676401816954005	23.23501117911829	23.394874198805606	26.692339620997025	0.0013731841250769817
68.0	26.662371357887842	23.264460150981588	23.365137704440045	26.706838365983376	0.001192420707149952
69.0	26.591747169383144	23.32034640120727	23.368189422791968	26.71844015189553	0.0012768547220903394
70.0	26.557153059136336	23.399034656041614	23.312904751547503	26.72962818939032	0.001279343884224496
71.0	26.57081504693664	23.424399006756236	23.267151494810097	26.736345387998718	0.0012890634983141042
72.0	26.576950462143195	23.3905136967511	23.234574415141854	26.79665270287273	0.0013087230911228848
73.0	26.611788630768334	23.33246149084332	23.183698690106183	26.869895696649177	0.002155491632987051
74.0	26.628208750784417	23.337883482389866	23.220186224255396	26.812419221595107	0.0013023209752085225
75.0	26.727618391083702	23.23805182396587	23.240588413237575	26.792375188564836	0.0013661831480159567
76.0	26.749739851322694	23.197046158290526	23.32494853360309	26.726708723117998	0.001556733665687678
77.0	26.7500428275853	23.210498529047303	23.340663619167852	26.69661126606661	0.0021837581329320955
78.0	26.684693004642966	23.24065405257843	23.3767193544464	26.695992530466796	0.0019410578654041075
79.0	26.65467054219392	23.26968540660247	23.371934073633284	26.701655108828394	0.002054868741934426
80.0	26.653638323673544	23.33051682026248	23.343000429167933	26.669258236939612	0.0035861899564272907
81.0	26.689406634978287	23.298225178515402	23.296521152355226	26.71427364521127	0.0015733889398078958
82.0	26.65932054830622	23.323007050115823	23.21610520408711	26.79979204539096	0.001775152099894167
83.0	26.671826947164277	23.304781402163034	23.182104613135657	26.83953558282776	0.001751454709269618
84.0	26.681545480924214	23.303925976984143	23.183847728281794	26.828775360193575	0.001905453616275041
85.0	26.727439227680282	23.22772435423194	23.19391425795489	26.84905307118099	0.0018690889518977291
86.0	26.773619162167584	23.164433487428703	23.239695741997682	26.820323257985322	0.0019283504207090385
87.0	26.78233238564512	23.14720904308154	23.295862653382745	26.772594906681913	0.002001011208687553
88.0	26.74989590284349	23.19700059094914	23.31702114699463	26.734997915141694	0.0010844440710432721
89.0	26.701747469735132	23.252071855099672	23.318624917962914	26.727232861395546	3.2289580673917445E-4
90.0	26.61832232397327	23.326802237866858	23.328174599826866	26.726535334702824	1.6550363018298786E-4
91.0	26.628790525557594	23.342128288254205	23.23622969164076	26.792710541129424	1.4095341802274744E-4
92.0	26.614740283828446	23.289163632984597	23.10451193598003	26.811603654675004	0.17998049253191736
93.0	26.66627551949326	23.2888717079338	23.155843292272476	26.888879589918353	1.298903821116737E-4
94.0	26.68676248024736	23.271244286741688	23.15009100482541	26.89183710633546	6.512185008571219E-5
95.0	26.731906284835738	23.20406278594645	23.183546588443402	26.880423488275124	6.085249928561392E-5
96.0	26.759416401376	23.205033803897695	23.218080214632135	26.817359433557442	1.1014653671975189E-4
97.0	26.77286676139024	23.13683165456229	23.2689016678814	26.82133721761787	6.269854820168098E-5
98.0	26.775263308185178	23.167737874105136	23.274287893597855	26.782221304005677	4.896201061553288E-4
99.0	26.71823416016647	23.213659680976733	23.268939425229437	26.79889788957418	2.688440531770533E-4
100.0	26.67817986526448	23.264105998401376	23.22800924028798	26.82943221185507	2.726841910903318E-4
101.0	26.643093368372384	23.309999622785316	23.19545088761517	26.8513110386558	1.4508257132742815E-4
102.0	26.661134300439144	23.32798573645327	23.120085348883393	26.890727903190648	6.671103354706841E-5
103.0	26.704413933667727	23.275452990404936	23.07708738509553	26.942770322505755	2.7536832605496304E-4
104.0	26.71477379926573	23.228738399307165	23.094237236675042	26.962192552605146	5.801214691918174E-5
105.0	26.764773760914974	23.185830075850276	23.11472025274559	26.934072285145994	6.036253431701998E-4
106.0	26.806724206243143	23.132311027679293	23.12727304938123	26.933613286631253	7.843006507973016E-5
107.0	26.834555096997526	23.090437886725017	23.182558753797974	26.89227845158398	1.6981089549930115E-4
108.0	26.81397862345627	23.122897621577874	23.220150095071144	26.842745840644277	2.2781925043840096E-4
109.0	26.780929315858735	23.161368712339637	23.22694412165607	26.82911142324751	0.0016464268980466018
110.0	26.72935076624491	23.198781446356605	23.227001323563652	26.80656906361388	0.03829740022095856
111.0	26.716268489566165	23.241595156738214	23.21319303396042	26.828516503304506	4.268164306939324E-4
112.0	26.700286720811473	23.265283929253204	23.134059808298552	26.899981836155824	3.8770548094983114E-4
113.0	26.712658891371227	23.2308070709559	23.08149224658642	26.973317941418934	0.0017238496675186293
114.0	26.707936618049448	23.213572356235083	23.03960693624373	26.995621745155862	0.043262344315874564
115.0	26.78814028412952	23.137977259911814	23.0377365140473	27.03608842594357	5.75159677906746E-5
116.0	26.836614822565085	23.09398455077375	23.06380261818714	27.005524166919987	7.384155403595702E-5
117.0	26.872532713567555	23.077492089343902	23.10281760880578	26.947107585664888	5.000261787899412E-5
118.0	26.871264415514357	23.059097611171122	23.15271821519301	26.916769005525648	1.5075259586244102E-4
119.0	26.843549130884618	23.10322369741036	23.16038134314358	26.892728525295105	1.1730326633388924E-4
120.0	26.814067906854195	23.12288941993469	23.152203100191503	26.910795354383545	4.4218636065361564E-5
121.0	26.773472416326882	23.173165325028968	23.13337683107303	26.919899804260172	8.562331094640516E-5
122.0	26.764122703290056	23.21183472165049	23.074173512890077	26.949809460688716	5.960148065971687E-5
123.0	26.786914283356744	23.195549018525966	23.008793922369485	27.008677843513247	6.493223455560996E-5
124.0	26.823365571563663	23.149681450417397	22.991247814440648	27.035656595127517	4.8568450775113125E-5
125.0	26.9054586924993	23.088285491803752	22.954969635997802	27.051201926289085	8.425341005988075E-5
126.0	26.92318165159317	23.03302917772459	22.954870925116467	27.08877243425673	1.4581130904374638E-4
127.0	26.94038494127412	22.996225759060856	23.027375531093714	27.035943792095864	6.997647544502436E-5
128.0	26.957991572338802	22.967074122737095	23.102126981160083	26.972663014496895	1.4430926712882282E-4
129.0	26.94711593227812	22.995402118742238	23.09948322208151	26.957926071140054	7.265575807348622E-5
130.0	26.907577046070564	23.043582801082362	23.06144658235554	26.987337827829343	5.574266218837087E-5
131.0	26.876812149648288	23.06041488039135	23.055181387206932	27.00754596732507	4.561542835896093E-5
132.0	26.84670315064819	23.11424902638435	23.032469040099283	27.006497497661414	8.128520676562222E-5
133.0	26.90626120329861	23.069888572371486	23.007858227422982	27.015935026266934	5.6970639984847234E-5
134.0	26.92021092128164	23.032722724200745	22.929630292116755	27.11737326898743	6.279341343739578E-5
135.0	26.97938817845582	22.978550274832244	22.85168570599637	27.190220325108633	1.555156069314825E-4
136.0	27.02146076040885	22.896299781324952	22.83418424675881	27.24799140416676	6.380734062617206E-5
137.0	27.062222952753405	22.841163767061058	22.88225706535684	27.214168700113618	1.8751471507938737E-4
138.0	27.093516036978414	22.808460811448224	22.894603717233984	27.203365669182094	5.3765157278473E-5
139.0	27.07391517773674	22.842771483981476	22.93107890904006	27.15217270457369	6.172466802790134E-5
140.0	27.10572479819807	22.90595530494393	22.959275914762898	27.02898169827775	6.228381735251687E-5
141.0	27.087477889613503	22.886743568901696	22.918150330012963	27.107578673993743	4.953747809347928E-5
142.0	27.050682591952636	22.91086810737564	22.847302777806632	27.191052260808107	9.426205698276005E-5
143.0	27.38280108680004	22.5751229223419	23.19653679882473	26.845473127996332	6.606403699803694E-5
144.0	26.789922658976987	23.240341509772446	22.466597573868764	27.502541512948543	5.967444332626839E-4
145.0	27.00450024189591	22.844358701495526	22.979395514722743	27.17171181987591	3.372200991351713E-5
146.0	26.804510041349804	22.642832553761565	23.01835704948736	27.534292330987796	8.024413475558037E-6
147.0	27.37211244913269	23.076114938850555	22.98495833162563	26.566612284718317	2.0199567280829796E-4
148.0	27.74023076658891	22.964102044156892	22.04453177700798	27.2509244378918	2.1097435442405413E-4
149.0	28.793146812865274	22.128333626444206	21.509081594421207	27.568846646939033	5.913193302798826E-4
150.0	23.5493012399982	23.73433760285192	24.112076872120916	28.604284285028964	0.0
