# Position (bp)	A	C	G	T	N
0.0	28.792622897912622	22.711239595575982	24.792262971286082	23.70322987253633	6.446626889840722E-4
1.0	27.04621359879994	21.736619061908545	22.598330239287144	28.61497012801796	0.0038669719864138042
2.0	27.191709549454686	21.930500863546758	22.760666747507234	28.11699531276001	1.275267313099333E-4
3.0	26.296422692431914	23.046743346850096	23.45721875806958	27.19896451507448	6.506875739278487E-4
4.0	27.604251496209887	23.069827693512174	22.633314737860672	26.6925387945354	6.727788187216953E-5
5.0	27.19115827248233	22.763262468770513	22.999342564554933	27.04616539972039	7.129447183468712E-5
6.0	27.596201245777507	22.13827504571783	23.476255386196932	26.789134770691476	1.3355161625370967E-4
7.0	26.83249185104187	23.032890128069372	22.728805147629565	27.405712458510134	1.0041474906293961E-4
8.0	27.51537440181428	22.628614323457032	23.030855725253357	26.825082246708515	7.330276681594592E-5
9.0	27.321622135202357	22.68470801057857	22.84383024268116	27.149405819821958	4.337917159518991E-4
10.0	27.162816209559317	22.76971813298777	22.844476913665126	27.222347093541277	6.41650246512184E-4
11.0	27.305605982726817	22.685638855302386	22.748940313111664	27.259511596316965	3.032525421700776E-4
12.0	27.344173279546908	22.725801742485093	22.665067889809354	27.264893826866736	6.326129190965194E-5
13.0	27.379452997482684	22.653331413938876	22.72026487322176	27.246724782171288	2.259331853916141E-4
14.0	27.45560151828707	22.579494440657914	22.7528906293398	27.21192002599858	9.338571662853383E-5
15.0	27.39672634261649	22.571305617871833	22.883505114183418	27.148396651593877	6.627373438154014E-5
16.0	27.304419080392893	22.716589693406057	22.89204137200126	27.086886592907884	6.326129190965194E-5
17.0	27.155057161899222	22.805543103010955	22.956653242285807	27.08249746422634	2.490285776760902E-4
18.0	27.128696281975216	22.862969293852554	23.000756404221743	27.007462542989057	1.1547696142238054E-4
19.0	27.112197134556688	22.88497016537225	22.900152875430564	27.102477990994885	2.018336456165086E-4
20.0	27.12916120226338	22.916858877232166	22.825713413655222	27.12820123726234	6.526958689091074E-5
21.0	27.114814947064758	22.892257263711745	22.792464081945504	27.20012832201612	3.353852618702183E-4
22.0	27.087004078164284	22.979843024434402	22.780208461822372	27.15256185538501	3.8258019392979994E-4
23.0	27.198005554220934	22.867328298109378	22.81385041520093	27.120288555036183	5.271774325804329E-4
24.0	27.225915833722976	22.809112847340142	22.815544412017623	27.149286326270577	1.4058064868811544E-4
25.0	27.18794901710228	22.747652996028677	22.917160121479355	27.147009923909316	2.279414803728729E-4
26.0	27.21033447711088	22.809169079599613	23.010641232119497	26.969672456326716	1.8275484329455008E-4
27.0	27.159749543122935	22.80335104903891	23.066570239052574	26.970189592284388	1.3957650119748605E-4
28.0	27.088407876356186	22.909866998254913	23.06720285197167	26.93414973469821	3.725387190235059E-4
29.0	27.02280089590842	23.043826298389817	22.987662320943933	26.945579945584043	1.3053917378182147E-4
30.0	27.026156756822107	23.086407172729956	22.86391520078873	27.02339735951786	1.2351014134741572E-4
31.0	27.028853896981936	23.0251822919313	22.86405578143742	27.081667034251595	2.4099539775105505E-4
32.0	27.110931908718495	22.973064024725165	22.8216546494981	27.09431226360109	3.715345715328765E-5
33.0	27.161419440399847	22.882309174522078	22.84631952431043	27.109879562148315	7.229861932531651E-5
34.0	27.22143633176728	22.87543478080123	22.854161916212245	27.04890471407483	6.225714441902255E-5
35.0	27.234016291529883	22.860075340784565	22.915790464302134	26.989984351767166	1.3355161625370967E-4
36.0	27.151823806979397	22.928047088572757	23.027517938994503	26.892482634574545	1.285308788005627E-4
37.0	27.075115976022722	22.932571777165535	23.01365869532884	26.978500921064324	1.526304185756682E-4
38.0	27.037012595343302	23.008003336661613	23.036753083465825	26.918011076228815	2.1990830044783772E-4
39.0	26.98104241836311	23.05391597237566	23.023637913090713	26.94131131460138	9.238156913790444E-5
40.0	26.998504343487994	23.129322289684154	22.95345856308773	26.918643379849332	7.142389079250883E-5
41.0	27.00335401015581	23.08772012219141	22.88537694606438	27.023482404762646	6.651682575862062E-5
42.0	26.97444769291452	23.115624695671542	22.855019323800025	27.0548365992515	7.168836240910661E-5
43.0	27.004322787238728	23.07234506812548	22.825510443156652	27.09765682002011	1.6488145903137787E-4
44.0	27.118437019816838	22.995446162444992	22.813927469968988	27.072084964944143	1.0438282504454485E-4
45.0	27.136582617716538	22.940192265193122	22.900613647766836	27.022452070535934	1.5939878757221057E-4
46.0	27.16712909526487	22.931561838922274	22.93549114697804	26.965721288168158	9.663066665751218E-5
47.0	27.128913149130025	22.904753920699065	22.984721300301874	26.981449599930247	1.620299387915092E-4
48.0	27.010446685342	22.995752606831967	23.080403778113283	26.913233575505263	1.6335420748267226E-4
49.0	26.980832538496507	23.053287573072893	23.031060476963063	26.934718142080317	1.0126938721863107E-4
50.0	27.010383011732923	23.098714663911363	22.936209116530666	26.954422635135504	2.705726895426515E-4
51.0	27.00589785095047	23.07127279245055	22.886430886470855	27.036170493377938	2.2797675019163143E-4
52.0	26.97636680379069	23.108716522139126	22.845126655894884	27.069615091458786	1.7492671651007948E-4
53.0	26.947917389991144	23.113781382358713	22.839059073230157	27.099133897393678	1.0825702630630273E-4
54.0	26.975374164446876	23.091584957757185	22.86918916669717	27.063749441637146	1.0226946162287318E-4
55.0	27.005534246107437	23.019860612661514	22.898836403213572	27.075695248238894	7.348977858099E-5
56.0	27.10499625023615	22.972409263306435	22.95761285859943	26.964870657415453	1.1097044253519049E-4
57.0	27.090371757002853	22.90963084091245	23.03265148275236	26.967283569365197	6.234996714416523E-5
58.0	27.063673522037256	22.975946417265206	23.010840077868746	26.9493598448656	1.8013796318858857E-4
59.0	26.957311419920792	23.051392516021576	23.02809472344699	26.963067787050264	1.3355356037202096E-4
60.0	26.876958586721134	23.185194175617525	22.998288941985567	26.93942656404159	1.3173163418204645E-4
61.0	26.901544846474962	23.180939713860205	22.83287259479397	27.083777519646862	8.653252239998056E-4
62.0	26.933114917707655	23.12011008627919	22.802190929517867	27.144504282266276	7.978422901155917E-5
63.0	26.959286517662512	23.076259736426554	22.82815817108371	27.136210361024265	8.521380295705152E-5
64.0	27.03715628754241	23.041405249548447	22.800722671885737	27.12063988055403	7.591046937899765E-5
65.0	27.064714100919563	22.9670528040475	22.87979525308356	27.0880447708794	3.9307106997558966E-4
66.0	27.027980296424186	22.989919423143874	22.979822335526688	27.00222605091603	5.189398922195734E-5
67.0	27.047407697412666	22.92324731545833	22.99269253613392	27.036532500062865	1.1995093221353087E-4
68.0	27.061226869335847	22.957060246782486	22.941077308359105	27.04049405825938	1.415172631855172E-4
69.0	26.942094862623396	23.052375346683853	22.96498769478913	27.040450368253982	9.172764964355436E-5
70.0	26.875635368599454	23.157679502504482	22.924844791916634	27.041470415270798	3.699217086362981E-4
71.0	26.886838516789023	23.190298898562375	22.871516405732322	27.051270086432915	7.609248336157471E-5
72.0	26.908059012859976	23.145985428910198	22.82550956103531	27.12037830464548	6.769254903814798E-5
73.0	26.939463094905904	23.059555567696897	22.767380939536515	27.233424812794006	1.7558506667751344E-4
74.0	27.00300284774753	23.035500640749405	22.783806159541005	27.177498150356488	1.922016055766281E-4
75.0	27.077770127487945	22.932319492330876	22.857143629873388	27.132665058969884	1.016913379047917E-4
76.0	27.125910600108703	22.88429451556318	22.930209949445874	27.059397436474075	1.8749840816019084E-4
77.0	27.12394038562761	22.90467360466276	22.95153380411238	27.01970564534042	1.465602568274173E-4
78.0	27.05288121991678	22.96790742864164	22.98497612915538	26.99412213412582	1.1308816037640958E-4
79.0	26.978571562460235	22.990213674228315	23.029567181022546	27.001293605489717	3.539767991842893E-4
80.0	26.98554280487984	23.068971081846232	22.982598656826266	26.96275982375474	1.2763269292011525E-4
81.0	27.03173367551616	23.02039485212707	22.922750285821884	27.02504579629369	7.539024119435973E-5
82.0	26.99949904839331	23.037983679413383	22.82386560769361	27.138412000916457	2.396635832432826E-4
83.0	26.98506307060135	23.055495219118022	22.773738914622854	27.18564360407796	5.919157981800387E-5
84.0	26.990772157080677	23.053293838320084	22.787818573200283	27.1680715130789	4.391832004959696E-5
85.0	27.06499320385144	22.934190699592065	22.787632076483778	27.21282106607859	3.6295399412942814E-4
86.0	27.14803783917048	22.853530022602772	22.847698193814423	27.150619357185047	1.1458722727909368E-4
87.0	27.159779143182984	22.859631384747395	22.902494598884008	27.07799773776009	9.713542552590498E-5
88.0	27.12815171986751	22.883417014694516	22.96052089982969	27.02785285923249	5.750637579823826E-5
89.0	27.029128987479716	22.964336594698906	22.962508243095503	27.04327156415502	7.546105708596834E-4
90.0	26.933827415309512	23.081777440863103	22.958036727440255	27.02618742251702	1.7099387011403338E-4
91.0	26.946543235604775	23.081551086994377	22.86543509315799	27.106420515153072	5.0069089780665125E-5
92.0	26.980886137732085	23.0577730849413	22.77930626360801	27.181969844747083	6.466897152084417E-5
93.0	26.987079732645903	23.042915730408325	22.758419453458092	27.211505752580194	7.933090748356942E-5
94.0	27.01749473471122	23.023384507906425	22.744221154994896	27.214833535377075	6.606701038010154E-5
95.0	27.075123254505467	22.953951977366604	22.76778923783993	27.20299075176093	1.4477852706838262E-4
96.0	27.109232903876272	22.926819523288625	22.820686963921073	27.143162747344558	9.786156947820482E-5
97.0	27.106131505106063	22.854479117011365	22.906386437042787	27.13290484933184	9.809150794417754E-5
98.0	27.125872577678773	22.884408149985404	22.893326439657034	27.09631484991522	7.798276357148444E-5
99.0	27.056153140458257	22.938496750902363	22.89145273124632	27.11379767185298	9.970554008168377E-5
100.0	27.00151890305124	23.00298767995053	22.8556408737571	27.139347078985104	5.054642560269826E-4
101.0	26.954274124931455	23.091524317008172	22.787197855555576	27.16684995913387	1.5374337092749753E-4
102.0	26.98371878764804	23.105888323253662	22.696438183425283	27.213865642645864	8.906302715249665E-5
103.0	27.03343417439042	23.00507189719685	22.65260257742918	27.308819220794746	7.21301888082112E-5
104.0	27.057604034538134	22.927310213879895	22.701957937556	27.31307959289378	4.8221132192458854E-5
105.0	27.10383291332881	22.900557977636335	22.719494605974386	27.276007422200433	1.0708086003892561E-4
106.0	27.144787329312535	22.855317180317254	22.730807525353892	27.26901290285128	7.506216504158427E-5
107.0	27.165834874479668	22.837017437838675	22.79121017073067	27.205749872445175	1.8764450581578086E-4
108.0	27.140427120443128	22.88543622844586	22.80783688635722	27.166243992223727	5.577253006296231E-5
109.0	27.109649898834576	22.901995729656445	22.82090298687872	27.167400092572834	5.129205741791447E-5
110.0	27.054129639924447	22.949222489584244	22.836105078148712	27.160470275933125	7.251640946928631E-5
111.0	27.04960419261464	22.99037709820211	22.817145571730816	27.14259733966155	2.7579779088081997E-4
112.0	27.02760834923507	23.026223430481156	22.73454864924019	27.21149473143892	1.2483960466265088E-4
113.0	27.02788055567697	23.000216793529844	22.67636446776976	27.29536325421295	1.7492881047486957E-4
114.0	27.034153790075383	22.987957515306874	22.64403735673518	27.3336816935083	1.6964437426097187E-4
115.0	27.12377684603241	22.878286950896637	22.612774057465252	27.384912060576788	2.500850289098294E-4
116.0	27.208564302720184	22.80633805363832	22.639496702190854	27.345553118091953	4.782335868589062E-5
117.0	27.24869692232924	22.796539339257794	22.690042326428422	27.26460737149332	1.1404049121681143E-4
118.0	27.21933497383443	22.821220282753906	22.728016605052844	27.23125093588822	1.7720247060265258E-4
119.0	27.16539274426785	22.868838026858132	22.747944631275203	27.217698684634478	1.259129643341722E-4
120.0	27.12159085961574	22.896164921532826	22.753449790177747	27.228729972755822	6.445591786808039E-5
121.0	27.085290253244665	22.943834078677984	22.738909964499655	27.23171768095031	2.480226273853072E-4
122.0	27.089513023381052	22.98900799096761	22.661152710538342	27.259907663323478	4.1861178951727826E-4
123.0	27.13612061662073	22.961761192072945	22.58238051450428	27.319672293140467	6.538366158028659E-5
124.0	27.145366745817718	22.942683874978247	22.54675460746624	27.36502861392529	1.6615781249916688E-4
125.0	27.259142576660228	22.858077383734397	22.51373389485299	27.368861661225548	1.8448352683640107E-4
126.0	27.2792849695647	22.788142236650632	22.501670295688083	27.43069068750809	2.1181058849403776E-4
127.0	27.290695528620613	22.760310665693638	22.5761350401772	27.372515930274016	3.4283523453326883E-4
128.0	27.320119508859808	22.726223849068944	22.665163001020993	27.288278102342446	2.1553870781045332E-4
129.0	27.318226218908364	22.75308407752701	22.64362818706591	27.28489569936425	1.6581713446613987E-4
130.0	27.28378922804569	22.789918945909193	22.614543395664953	27.31158670520483	1.6172517532677598E-4
131.0	27.22168308521541	22.83563670739857	22.61849183364932	27.32411086305828	7.751067842009313E-5
132.0	27.189187679934605	22.910217418832023	22.559594909153265	27.34081012265188	1.8986942822473294E-4
133.0	27.248842252629835	22.845331750128462	22.544452898836674	27.361302386879334	7.071152569191327E-5
134.0	27.266514563085032	22.795332513083366	22.464418218304726	27.473643722918663	9.098260821293411E-5
135.0	27.31391298721004	22.75868347088927	22.37677076971398	27.55055175380101	8.101838570149277E-5
136.0	27.38170498429005	22.680308294816907	22.348924625550325	27.588920283430106	1.4181191261271672E-4
137.0	27.3797508224925	22.63677444559879	22.39478262259718	27.588604492163526	8.761714800225287E-5
138.0	27.439331272486612	22.604586277578775	22.431209116940796	27.52478367623128	8.965676253315619E-5
139.0	27.427096075597518	22.649652104905243	22.42536520347364	27.49713891541864	7.477006049568907E-4
140.0	27.428796159562	22.736887907409255	22.48239702588103	27.35140521376687	5.136933808398444E-4
141.0	27.34298186835135	22.700583186145497	22.450620398078957	27.505772759739227	4.1787684963088796E-5
142.0	27.085726084355745	22.878324679001985	22.363858498183117	27.672012038019282	7.870043987362284E-5
143.0	27.583936621242096	22.562423357513076	22.719297244022872	27.134199518580044	1.4325864191800343E-4
144.0	27.027610155936692	23.272338140959814	21.83484067596958	27.86515519070282	5.583643109796572E-5
145.0	27.238842720717077	22.843204402222725	22.460619397066264	27.45729156870807	4.1911285860940116E-5
146.0	27.015465552679746	22.46709261732613	22.623746297915343	27.893669254027888	2.6278050888642656E-5
147.0	27.551779632783724	23.191889379106794	22.573711274892467	26.682130280819404	4.894323976057085E-4
148.0	28.404198808647802	22.54862928112112	21.31238447210607	27.734737235889735	5.0202235275197136E-5
149.0	28.808974064048332	22.511892361406268	21.018648630883042	27.65847598972645	0.0020089539359037976
150.0	24.351442793602445	24.485677338754208	21.684578358407308	29.477445691542258	8.558176937762208E-4
