# Position (bp)	A	C	G	T	N
0.0	29.620434181530914	20.851937895860186	19.914290639335857	29.613337283273044	0.0
1.0	30.02111398694441	19.717051785788534	21.04378109711308	29.193018654802987	0.025034475350990258
2.0	29.39511264257896	20.549358654525797	20.671507075242886	29.38401989522265	1.732429698002855E-6
3.0	29.073217676326696	20.815627901819745	20.9671661261486	29.143983964630714	4.3310742450071375E-6
4.0	28.921996486632572	20.733489944978032	21.24346094410489	29.10097379873325	7.88255512591299E-5
5.0	29.02020186270841	20.990764417279948	21.372228112483196	28.616790015661163	1.5591867282025693E-5
6.0	29.006215091541588	20.727895929483182	21.477125864482417	28.788521440549943	2.4167394287139826E-4
7.0	29.019677802724765	20.944514607847214	21.212652280570452	28.823150977783325	4.3310742450071375E-6
8.0	28.864938048314	20.993907044752124	21.054885971477276	29.0862672030269	1.732429698002855E-6
9.0	28.964983264729117	20.996683263343176	21.10690563801921	28.931426967693653	8.662148490014275E-7
10.0	28.941435214059013	20.999551300708216	20.996032735991573	29.062979883026347	8.662148490014275E-7
11.0	29.03419383116433	20.94904404529264	21.004574480617578	29.01218764292545	0.0
12.0	29.060281623771704	20.889579262123544	21.004186416365222	29.045952697739523	0.0
13.0	29.11605893032861	20.86482544038363	21.020615913406235	28.998499715881533	0.0
14.0	29.084051425443157	20.900678072983798	21.02530386816903	28.98996663340402	0.0
15.0	29.08961945449254	20.892987817554364	21.054837463445732	28.962555264507365	0.0
16.0	29.02839192410572	20.942627125691242	21.073122392693307	28.955858557509735	0.0
17.0	28.9699432109545	21.0113630063892	21.08039773121007	28.938295185231382	8.662148490014275E-7
18.0	28.945975912297477	21.016909380067357	21.108488212548334	28.928626495086828	0.0
19.0	28.919348467839175	21.064050524579713	21.093506160520008	28.923094847061105	0.0
20.0	28.925405042063396	21.05658721744072	21.089754584008983	28.92825229027206	8.662148490014275E-7
21.0	28.902644380691033	21.065031946003632	21.095066213463056	28.93725745984228	0.0
22.0	28.873037157152165	21.055088665751946	21.11657432816376	28.955295517857888	4.3310742450071375E-6
23.0	28.889602649924466	21.07368110127091	21.152859201973584	28.88384058874891	1.6458082131027125E-5
24.0	28.913270238243733	21.051920051834298	21.12874724543678	28.905815593253227	2.4687123196540686E-4
25.0	28.88497446398625	21.067503256967832	21.161645219187005	28.885876193644062	8.662148490014275E-7
26.0	28.90119087217441	21.088761901792026	21.181180962676535	28.828866263357035	0.0
27.0	28.88079324491012	21.092492689146674	21.18722107881862	28.839492987124583	0.0
28.0	28.862594937147453	21.111332862112455	21.198884661760424	28.827187538979672	0.0
29.0	28.82798445664075	21.162391030171996	21.198243662772164	28.81138085041509	0.0
30.0	28.841435907030892	21.175429296079166	21.182605019888292	28.8005289107868	8.662148490014275E-7
31.0	28.819554453730266	21.167078118719942	21.186306355938076	28.827061071611716	0.0
32.0	28.845164961955845	21.151852660319044	21.170874738403114	28.832107639321997	0.0
33.0	28.847094022424567	21.13405541003146	21.183694718168336	28.835154116945933	1.732429698002855E-6
34.0	28.877383823264452	21.135005647720813	21.18221868806564	28.805386643660004	5.197289094008565E-6
35.0	28.879668898036115	21.15679181738805	21.201530081909276	28.762009202666555	0.0
36.0	28.889652024170857	21.136467818385928	21.214898375673915	28.75898091555445	8.662148490014275E-7
37.0	28.85375348218369	21.15056546505343	21.235572325475033	28.760108727287847	0.0
38.0	28.826476376588637	21.17109475697476	21.243726005848682	28.75869939572852	3.46485939600571E-6
39.0	28.812441963605117	21.192482467811455	21.241379429822736	28.753691807686444	4.3310742450071375E-6
40.0	28.815307421065402	21.197676240476564	21.233130740605507	28.75387953132843	6.066524099305983E-6
41.0	28.810353235550423	21.19604840021622	21.214531898744937	28.779061263021323	5.202467100074952E-6
42.0	28.80840688081983	21.18895456976589	21.2022206219254	28.800404047235507	1.3880253371186058E-5
43.0	28.82851833820725	21.18646981305097	21.188124120969903	28.796877312401982	1.0415369898867539E-5
44.0	28.85852461057422	21.153774126616195	21.190937371669243	28.79675868073094	5.2104094010583155E-6
45.0	28.868991877428492	21.160997754965486	21.21037777518355	28.759628248113696	4.344308783459041E-6
46.0	28.878020727769222	21.15120100957999	21.22240889105828	28.748358939604408	1.0431988105864441E-5
47.0	28.8661055739965	21.143536579929613	21.228097543579636	28.762249864909386	1.0437584873330123E-5
48.0	28.82578113427653	21.155543635774126	21.274904284388153	28.743762243014558	8.702546634053815E-6
49.0	28.816841812710948	21.187060189438874	21.269518989751052	28.726573783952546	5.2241465801495755E-6
50.0	28.806521741005263	21.21958216827762	21.25199960753756	28.721890385254778	6.097924779501871E-6
51.0	28.819921116642256	21.208735359106807	21.21889180887425	28.75244735750757	4.357869118443344E-6
52.0	28.809664088732816	21.200294686619912	21.21166480805279	28.77836420847269	1.2208121793106258E-5
53.0	28.797230648697553	21.202534660514104	21.206965866885827	28.793260971794354	7.852108160172537E-6
54.0	28.803897852299432	21.186076394302955	21.209267005078836	28.80075612948898	2.618829794761785E-6
55.0	28.84081568014995	21.169190760934253	21.22183527893996	28.768144305719286	1.3974256554703643E-5
56.0	28.832669856625902	21.158859949072927	21.250919679768106	28.7575426499144	7.864618664040373E-6
57.0	28.83280618697146	21.1744995688415	21.244090477641503	28.748595897732425	7.868813106351065E-6
58.0	28.81623000594743	21.193580034080277	21.23977719168012	28.75040227112508	1.0497167090153005E-5
59.0	28.798304915410096	21.207724138969244	21.253278355756045	28.740684712752124	7.877112493874998E-6
60.0	28.774966322874167	21.23592873491167	21.25365208615771	28.735449353244796	3.5028116499907583E-6
61.0	28.784443503396794	21.242118526372657	21.208717098121205	28.764710358045576	1.0514063769408919E-5
62.0	28.782574764821366	21.224397932483917	21.18129940465929	28.811718255129925	9.642905501402069E-6
63.0	28.788865218591802	21.20357934888205	21.187383497756525	28.820164917883133	7.016886488178125E-6
64.0	28.804364409837497	21.185098703375374	21.194347714315246	28.816179518888024	9.653583863609814E-6
65.0	28.83428434645457	21.172733440192424	21.199894873696522	28.793080314845028	7.024811458450963E-6
66.0	28.829860014423193	21.169975249012058	21.24583226375373	28.75432192967088	1.0543140144084135E-5
67.0	28.82624495680522	21.16169478526192	21.249265496974314	28.7627349827284	5.977823015051121E-5
68.0	28.805167727722896	21.19456312418938	21.24393420690828	28.756328784197045	6.1569823988936845E-6
69.0	28.78752559839085	21.215146203815248	21.24568184049084	28.75163931698105	7.040322018696877E-6
70.0	28.761031144070497	21.243027201144656	21.243800303140514	28.752129904803848	1.144684048535449E-5
71.0	28.783132095664826	21.24584306620284	21.216377621179078	28.754637525821693	9.691131567092889E-6
72.0	28.77512355272609	21.22924839196489	21.202499266104798	28.79311644779366	1.2341410560285848E-5
73.0	28.78963704418042	21.210586108942156	21.187048305665375	28.81272060295868	7.938253372218544E-6
74.0	28.793723044983793	21.199010873933485	21.177865721903732	28.82938800339918	1.2355779807859858E-5
75.0	28.850481157063495	21.168008019886376	21.190566113933016	28.79093852736569	6.181751422114122E-6
76.0	28.861501237517096	21.156212417463884	21.216598070249844	28.76567678788761	1.1486881565956729E-5
77.0	28.84309894679292	21.176210976840427	21.22905588517255	28.75162446616789	9.725026210050753E-6
78.0	28.8446314171141	21.17997918119328	21.24557589299832	28.729801124445558	1.2384248739405108E-5
79.0	28.811917366368196	21.20899027995145	21.26776606700376	28.711310354681007	1.593199558680182E-5
80.0	28.799608740227384	21.215145953948454	21.26720451807511	28.718034588297712	6.199451334386732E-6
81.0	28.79529634511353	21.234500981490704	21.22797525619365	28.742219441709487	7.975492622695909E-6
82.0	28.80198868631419	21.216570127907833	21.200381372947934	28.781048286166964	1.1526663078032229E-5
83.0	28.786121821903905	21.212516335896044	21.197073843821702	28.804224120438022	6.387794032820911E-5
84.0	28.810103053398727	21.203474381772196	21.183446888153945	28.80296413652102	1.1540154117160367E-5
85.0	28.831022048133132	21.17215651102729	21.190899217983848	28.805915116952903	7.105902831735144E-6
86.0	28.847348429843777	21.16522900322825	21.213178966962477	28.774230267939764	1.3332025728249907E-5
87.0	28.852433151998362	21.16592061057188	21.22543404420627	28.756203299603982	8.89361950392102E-6
88.0	28.847363934178166	21.17132549021506	21.24167190874994	28.739630657675608	8.00918122700959E-6
89.0	28.82947304859868	21.1806206356258	21.238383169431806	28.751516022752003	7.12359170710277E-6
90.0	28.7731210615769	21.23450683764851	21.243880216909265	28.748483864814627	8.019050698363087E-6
91.0	28.8038684673389	21.22540337345517	21.209878799823947	28.760839552323468	9.80705851624857E-6
92.0	28.790959312726947	21.219576679952013	21.19074532248269	28.798707087708266	1.1597130081413012E-5
93.0	28.786984228759337	21.231915287035637	21.17148807549637	28.809603482052786	8.926655863865785E-6
94.0	28.798663457985903	21.225241581132032	21.170014129899048	28.806071898693762	8.932289254715956E-6
95.0	28.815167223819454	21.19839473141702	21.1783889816521	28.808035656229126	1.3406882297896725E-5
96.0	28.84343062719161	21.17738404511231	21.187338382874632	28.791840684231662	6.260589787625769E-6
97.0	28.82545341940792	21.181260968380915	21.222489681030826	28.770788771553242	7.159627099056117E-6
98.0	28.82075595553476	21.19270854173378	21.21569445802188	28.77082940264344	1.1642066145061506E-5
99.0	28.807937429706865	21.194718641255893	21.210077971991964	28.787256995942162	8.961103113227015E-6
100.0	28.785038338694875	21.209417466432246	21.22408093380346	28.781452500865885	1.0760203537858082E-5
101.0	28.778933184309647	21.230543503930082	21.19516799535163	28.795349035405216	6.281003425470839E-6
102.0	28.7963710017044	21.231896197099168	21.167955577899534	28.80375746858363	1.975471326805921E-5
103.0	28.812374181824126	21.19442154293089	21.145119067513345	28.848076222243403	8.985488238813575E-6
104.0	28.798614687772282	21.178526103042607	21.16989280967336	28.852947516149523	1.8883362228324506E-5
105.0	28.81620485011198	21.181428190357536	21.164690758604458	28.837666302977027	9.89794899649869E-6
106.0	28.840127215343504	21.15913756233035	21.16700034414528	28.83372047088482	1.4407296042010521E-5
107.0	28.862089894898123	21.15967938932756	21.18911509477068	28.789109313416834	6.307586803252473E-6
108.0	28.862858447754153	21.168744083965034	21.180663732065355	28.787721112335174	1.2623880278726259E-5
109.0	28.83090096806343	21.17499461132223	21.20130296319932	28.79278611726815	1.5340146867107525E-5
110.0	28.79258305395989	21.21209239717283	21.198019537597297	28.79728785365115	1.71576188356773E-5
111.0	28.816177322447384	21.200577059221047	21.190965430125825	28.792263921815774	1.6266389969348697E-5
112.0	28.814068262730135	21.20435447691565	21.182111716050297	28.799454691970904	1.085233301013277E-5
113.0	28.81728726059486	21.195239158764394	21.15828755661133	28.829172448198314	1.3575831103555869E-5
114.0	28.817241952581167	21.181784830008716	21.14792103053987	28.853042223732494	9.963137748938621E-6
115.0	28.825567206835856	21.1713867723075	21.143598686783864	28.85944189555913	5.438513655668177E-6
116.0	28.861253659364746	21.142060872511784	21.138976743234227	28.85769239714601	1.632774323411883E-5
117.0	28.893157985177513	21.140309386796933	21.149035150821682	28.817487491414834	9.985789042054452E-6
118.0	28.882460880565187	21.136935256604474	21.161920650220225	28.81867321881608	9.993794035609234E-6
119.0	28.875826923434673	21.14196305369258	21.17160665096743	28.81058700578101	1.6366124312097697E-5
120.0	28.858469109538543	21.14430713215125	21.178073365066627	28.8191403838504	1.0009393178536671E-5
121.0	28.85878986816356	21.170100303397344	21.175193533642894	28.79589808192209	1.8212874112468434E-5
122.0	28.883264286810377	21.164634386070666	21.12540810885034	28.826677725338158	1.5492930457356955E-5
123.0	28.894035540217555	21.14145746763983	21.10468023932032	28.859813983584743	1.2769237549555587E-5
124.0	28.87590831586227	21.15364477622407	21.098178241089897	28.872204765285588	6.390153817301249E-5
125.0	28.92129559611009	21.122577590193895	21.0855336495146	28.870583113783145	1.0050398270330114E-5
126.0	28.941791894248738	21.105296795096642	21.071480878259088	28.881175283497633	2.551488979007967E-4
127.0	28.93945811965521	21.112201373958186	21.08754185806601	28.86077118885447	2.7459466120977512E-5
128.0	28.9886785630786	21.077706531371877	21.09132992958166	28.842271234392104	1.3741575761333453E-5
129.0	29.008593685034445	21.040496175878058	21.097920424663812	28.852970459003107	1.925542057740056E-5
130.0	28.976875888411293	21.04821365900492	21.100733814773296	28.874160119152386	1.651865811341562E-5
131.0	28.974635611083382	21.0684319889037	21.08244199194115	28.87447662864448	1.3779427287500907E-5
132.0	28.983401733293434	21.06848379646603	21.032525030349117	28.91557105136362	1.8388527802051912E-5
133.0	28.999008792041735	21.03269762378332	21.03412027383529	28.934164108204776	9.202134876887168E-6
134.0	29.011139618372155	21.035725289635504	20.974428471345554	28.97869372555511	1.2895091677700338E-5
135.0	29.019081437635556	21.005657802311706	20.92650016342853	29.04874861100503	1.198561917468944E-5
136.0	29.01649459268729	20.98371074380417	20.948569133654335	29.051210764084033	1.4765770172466873E-5
137.0	29.03260903888329	20.987530011564225	20.917868796788603	29.06198291424357	9.238520320892243E-6
138.0	29.079510775564728	20.962416493295617	20.921666933327334	29.036386377406565	1.9420405758305668E-5
139.0	29.049443215077975	20.96687874615489	20.99130498077338	28.992354541346966	1.851664679413841E-5
140.0	29.100094579556472	20.954833778452215	21.042544915280022	28.90251282490389	1.3901807400857013E-5
141.0	28.95907321426358	21.065418148098583	21.058442883400367	28.91705183710918	1.3917128288533912E-5
142.0	29.144451632764294	21.007743554631876	21.027304998757998	28.820486810036822	1.3003809010716375E-5
143.0	28.861490012745318	21.16299839844768	20.977436962821802	28.99805881801139	1.5807973809795334E-5
144.0	28.82539748202969	21.422796708956906	20.764405267138983	28.987200404787032	2.0013708738877007E-4
145.0	28.641928538584576	21.30436663340804	21.03899590012393	29.014701473021155	7.454862299747489E-6
146.0	29.14747578311759	21.181174992822502	20.773204370558567	28.898073948493426	7.090500791715056E-5
147.0	29.206436593919577	20.901720793309504	20.842115959736766	29.049726653034153	0.0
148.0	29.441029282702313	20.596106288934664	20.560941191444183	29.401923236918844	0.0
149.0	29.28807054543775	20.92000273270248	19.673262826482095	30.092361026627838	0.02630286874983431
150.0	29.557518882251006	19.729973114870038	20.959160423695415	29.753347579183544	0.0
