# Position (bp)	A	C	G	T	N
0.0	28.602226814089637	25.003286145512703	21.441076194409497	24.95341084598816	0.0
1.0	29.3330574877205	20.331117062999265	21.025813303144687	29.285062269729984	0.024949876405565508
2.0	26.888563062430293	22.32528070303876	22.03529482048541	28.750860473534505	9.405110225258409E-7
3.0	28.025187562351178	22.230733951477305	21.503576913900428	28.240497810226994	3.7620440901033636E-6
4.0	27.795224152744407	21.89385512985184	22.264271634029555	28.04656537789319	8.370548100479983E-5
5.0	27.888524727201013	21.948855273938133	22.91934038275187	27.243260805888532	1.8810220450516817E-5
6.0	27.9813691538117	21.621533925323575	23.090693966967898	27.30615842103097	2.445328658567187E-4
7.0	27.91816869412001	21.869309673185963	22.76169192515609	27.45082688600487	2.821533067577523E-6
8.0	27.661410125481478	22.13523070020594	22.440946629611034	27.762411604190522	9.405110225258409E-7
9.0	27.75082074634892	22.231854100105135	22.37283764289278	27.64448751065317	0.0
10.0	27.659463267664847	22.165165285030895	22.113192645926116	28.062178801378142	0.0
11.0	27.72233172696559	22.20741115914071	22.119454568314094	27.950801605068587	9.405110225258409E-7
12.0	27.822444422758352	22.04611822133264	21.98179761301312	28.14963974289589	0.0
13.0	28.033687900972765	21.9038781558189	22.132576578100373	27.929857365107956	0.0
14.0	28.122251121408915	21.84865417010925	22.277229994897915	27.751864713583924	0.0
15.0	28.17671799574543	21.769530858806196	22.36801470236927	27.685735502568082	9.405110225258409E-7
16.0	28.055152243528852	21.844593984025007	22.378328346242284	27.721925426203857	0.0
17.0	27.828730798432915	22.01851140128844	22.43751564540086	27.715241214366763	9.405110225258409E-7
18.0	27.741972418649	22.093398650946035	22.509866336830704	27.65476259357426	0.0
19.0	27.677429849728156	22.282777128908773	22.313940961640167	27.7258520597229	0.0
20.0	27.76509770367086	22.276723999967796	22.083139556712325	27.875038739649018	0.0
21.0	27.643667385041525	22.31390804375438	22.00756855554135	28.034856015662747	0.0
22.0	27.598065767603337	22.29677193292396	22.10048822303384	28.004673135927842	9.405110225258409E-7
23.0	27.825109830996187	22.120108223474748	22.182458461202074	27.872312198194717	1.1286132270310092E-5
24.0	28.050313314317954	21.889328450300425	22.1442266881364	27.915895478978562	2.3606826665398609E-4
25.0	27.95515052803675	21.891306344980798	22.33293928429519	27.82060384268727	0.0
26.0	28.008866874577286	22.02233928115012	22.447559362610413	27.521234481662177	0.0
27.0	27.890497919326272	22.018327061128023	22.42766285192888	27.663512167616823	0.0
28.0	27.673549301249217	22.209644872819208	22.522812471055772	27.5939933548758	0.0
29.0	27.49977390115019	22.462917907608258	22.43368776553918	27.603620425702374	0.0
30.0	27.611979687670583	22.496444304028238	22.18161388230385	27.70996212599733	0.0
31.0	27.57297763607746	22.37722418630184	22.13221730288977	27.91758087473093	0.0
32.0	27.65375530626914	22.302901243257757	22.06625550283594	27.977087947637163	0.0
33.0	27.75045018500604	22.172907571768327	22.017216317610423	28.059424985104187	9.405110225258409E-7
34.0	28.014779867375907	22.023267565529352	22.100915215038064	27.86103547103463	1.8810220450516818E-6
35.0	28.0366580347819	22.005640507945174	22.29185776283126	27.66584275393064	9.405110225258409E-7
36.0	28.019504054242056	22.078644854535675	22.36670174898182	27.53514934224045	0.0
37.0	27.830936296780735	22.13105953382104	22.40899276762072	27.62900952075546	1.8810220450516818E-6
38.0	27.6816903646602	22.285904328058674	22.49454259074069	27.537852370919186	1.0345621247784251E-5
39.0	27.549557030594524	22.410650888553434	22.480695446956044	27.559090050318847	6.583577157680887E-6
40.0	27.59908174946288	22.479499834503677	22.3625684201398	27.55884340916254	6.586731101708689E-6
41.0	27.569622228224038	22.42666060472363	22.196253673638495	27.807459727764044	3.7656497934206883E-6
42.0	27.541360432713724	22.36623510867225	22.069385738281465	28.023013069144564	5.651187993681896E-6
43.0	27.627294880632686	22.344417341940233	22.024824210255375	28.003453201724188	1.0365447515710839E-5
44.0	27.909359593576323	22.14302232353142	22.024822079524633	27.92279128949947	4.713868155804014E-6
45.0	28.005108123735127	22.063244587479357	22.1911184081792	27.740516618422994	1.2262183325696351E-5
46.0	28.092565427210854	22.025002588898158	22.29354774666674	27.58887857482055	5.662403697730811E-6
47.0	28.010250828533355	21.96470619238917	22.381316178533076	27.643722079462474	4.721081926190473E-6
48.0	27.786845447535974	22.057983801154712	22.568514575313326	27.586645784454316	1.039154167051193E-5
49.0	27.65473098650959	22.263712999273213	22.545064448385673	27.53648873039914	2.8354323834486774E-6
50.0	27.66180941448233	22.408841901757114	22.359534298462087	27.569807766066667	6.619231801649084E-6
51.0	27.672702495520106	22.392091438992605	22.1927314541175	27.742463258618734	1.1352751053506916E-5
52.0	27.567577575069734	22.444018682018342	22.130776343264504	27.857625506612756	1.8930346631968098E-6
53.0	27.548849535153195	22.458148673892417	22.069085183317945	27.923907137800114	9.469836326947462E-6
54.0	27.67704395413451	22.293655512958583	22.078354463804416	27.950938489213943	7.5798885432343915E-6
55.0	27.8676285192491	22.15964237363622	22.205425963516724	27.76729461196433	8.531633619573434E-6
56.0	27.952442848247948	22.08192447205776	22.35424722764545	27.61138260671868	2.8453301573631655E-6
57.0	27.89259483730941	22.070048072243655	22.46143897548112	27.575912421372305	5.693593514488359E-6
58.0	27.79514915961265	22.151876849774624	22.468352699817434	27.58461654376673	4.747028568985073E-6
59.0	27.56117721858407	22.357571884459603	22.499632478259983	27.581610819384068	7.599312277437517E-6
60.0	27.455543512973684	22.579108557523643	22.40451382470299	27.56082935273297	4.752066716583643E-6
61.0	27.544719649120402	22.592015876187553	22.0950719820038	27.768190590856445	1.901831797792755E-6
62.0	27.511308642336136	22.47900038311031	21.979557466679925	28.03012494526112	8.562612505592814E-6
63.0	27.586285051733846	22.36399996424622	21.984679581352175	28.06503254693452	2.8557332400181247E-6
64.0	27.73249183534882	22.25214652465396	21.975900826036977	28.039450337300813	1.0476659431422168E-5
65.0	27.88273268166421	22.0978991430994	22.104022781765497	27.915334911051765	1.0482419129637307E-5
66.0	27.914459992955198	22.06452983315497	22.351450690746116	27.669545181103445	1.4302040268996206E-5
67.0	27.945226085695758	22.069120057489894	22.37921540544149	27.606380257814255	5.819355860651345E-5
68.0	27.82874155666546	22.133488478717116	22.343225105123402	27.694539132505795	5.72698822871976E-6
69.0	27.54349516993994	22.371860013066854	22.37441272277394	27.710223499237085	8.594982178734202E-6
70.0	27.410436133760125	22.57576588720881	22.351328125591966	27.66246412040533	5.73303377212668E-6
71.0	27.469342646298223	22.608335396755443	22.212015904443323	27.71029553622047	1.0516282551479593E-5
72.0	27.533624659346508	22.476344193619756	22.040909593671504	27.949110074569777	1.1478792457434701E-5
73.0	27.587169699257785	22.327124523312577	21.951007971265156	28.134683449767223	1.4356397255600475E-5
74.0	27.641790004792867	22.273005636519425	21.939517124992033	28.14567765715939	9.576536290935479E-6
75.0	27.90734203144242	22.079558926209693	22.06957030752393	27.943522985427176	5.74939678766253E-6
76.0	28.085795036423455	21.946389032076734	22.271121331258517	27.69668597141914	8.62882215475016E-6
77.0	28.063428531890256	21.98375453588985	22.3201556647457	27.632649756250316	1.1511223879749995E-5
78.0	27.89331528619942	22.0723160534272	22.44866720938984	27.585696652030723	4.798952814747551E-6
79.0	27.6705754665455	22.24320907078995	22.566086701128395	27.520116277049695	1.2484486465006421E-5
80.0	27.628010274228394	22.377010879236305	22.531913775912884	27.46305257899577	1.249162664645765E-5
81.0	27.676550767704917	22.380462796810363	22.365892845265403	27.577086860005455	6.730213858698699E-6
82.0	27.654189131033057	22.354032026690653	22.125497117419297	27.866271142978345	1.058187865209492E-5
83.0	27.570821132048128	22.377868546512108	22.049578551167162	28.001672092558056	5.967771454528209E-5
84.0	27.635960001638786	22.364312551786355	22.019127009645715	27.98058695372083	1.3483208310926329E-5
85.0	27.88099576248606	22.11927598297609	22.04884861736776	27.95087289171535	6.745454734327279E-6
86.0	28.00678505315503	21.996083996080813	22.206583790628734	27.79054041056572	6.7495697028786384E-6
87.0	28.036905311360282	21.99572240916574	22.325828919020214	27.641532747616644	1.0612837121836393E-5
88.0	27.973804601288688	21.99656366713649	22.452872736257394	27.57674741080624	1.1584511195749481E-5
89.0	27.702442251941722	22.14351868603717	22.556366284297624	27.597666016159096	6.761564385673528E-6
90.0	27.523676139210025	22.406153901825114	22.525354202635526	27.54481189026915	3.86606019007253E-6
91.0	27.546891614520064	22.50956580996514	22.304858023109233	27.63867681579604	7.736609527002164E-6
92.0	27.567447011921935	22.47468339156599	22.096499640807828	27.861365117577986	4.838126261819615E-6
93.0	27.54696004951203	22.465531530907157	22.04086523977701	27.946638338668894	4.841134914229177E-6
94.0	27.591229326522726	22.373482122177297	22.02742480749359	28.00785502448391	8.719322480741415E-6
95.0	27.734076418333093	22.22441402749949	22.098731783272356	27.94276807693099	9.693964074595675E-6
96.0	27.907441617710365	22.09099912276981	22.239073002707137	27.76247655690899	9.699903700326053E-6
97.0	27.877641395700177	22.05993954959067	22.41657854286019	27.645824982427246	1.552942171723821E-5
98.0	27.82102848746288	22.1473347465662	22.410793337394498	27.620831774382577	1.1654193846634207E-5
99.0	27.72618609778541	22.213653040942845	22.360120251949414	27.70002991984554	1.068947679218869E-5
100.0	27.539747430827738	22.381912919922577	22.353319699094612	27.725013143634435	6.8065206351001044E-6
101.0	27.503961620198307	22.553107349657065	22.206991354538527	27.735930918816642	8.756789455081923E-6
102.0	27.572820332213404	22.56982620468359	21.98392572569718	27.87340923830883	1.8499096990921307E-5
103.0	27.619902254332203	22.409834452302864	21.88124445874045	28.08901396334811	4.87127637563554E-6
104.0	27.57688360241352	22.28754890125447	21.974020488645095	28.161538233407192	8.774279723764616E-6
105.0	27.738498222545182	22.19587427493894	22.019347721537414	28.046264172454443	1.5608524013972713E-5
106.0	27.900284995289127	22.050989701364283	22.08548613061583	27.963230387064815	8.785665947816972E-6
107.0	27.991703557333448	22.026668066521076	22.27711508331955	27.704503524582485	9.76824344252201E-6
108.0	27.995415293354398	22.081906326512595	22.29085762980007	27.63180706604198	1.3684290954964208E-5
109.0	27.799303226869625	22.193636786641573	22.345072420907123	27.66197582828078	1.1737300895763417E-5
110.0	27.555168193119943	22.370707240748054	22.408360952335677	27.66575284720346	1.0766592863630149E-5
111.0	27.56306177196825	22.471093227163184	22.36475748657757	27.601078699339393	8.814951599647309E-6
112.0	27.51532866935666	22.49603130929887	22.230590738198277	27.75803458147846	1.4701667730724373E-5
113.0	27.592986804196528	22.409791343319803	22.074697221888773	27.922515803294758	8.827300140141236E-6
114.0	27.540401937975073	22.352225101739432	21.990770405934324	28.116585868957767	1.6685393403445424E-5
115.0	27.672572419027432	22.27405162767708	21.931435651526314	28.121931462170323	8.839598849182448E-6
116.0	27.864262104492436	22.082219630812432	21.96518159805153	28.088319958157232	1.6708486369963787E-5
117.0	28.06222696611103	21.9966328766877	22.14109004789772	27.800033389154372	1.6720149178351213E-5
118.0	27.97043777949661	22.055020216394837	22.269488452650705	27.705042724550644	1.082690720301144E-5
119.0	27.888335294452943	22.122513630448594	22.353760368174562	27.6353818422161	8.864707804603992E-6
120.0	27.707677247701373	22.174624567946495	22.430287521540084	27.68738897783235	2.1684979697733462E-5
121.0	27.60059560979734	22.429271089969717	22.39544997957595	27.57466852490758	1.479574941397982E-5
122.0	27.603823559201214	22.50131955124291	22.16102127013059	27.733823774483042	1.1844942243716142E-5
123.0	27.65697432457177	22.39928681006889	21.998183163092254	27.945532982668514	2.271959857669815E-5
124.0	27.527277293127895	22.42420114904593	21.996706467594507	28.051751820370303	6.326986137088965E-5
125.0	27.808322033022463	22.298719145738744	21.865107961340218	28.02783503001489	1.582988368013492E-5
126.0	27.89750091040023	22.11128053935182	21.850957117621732	28.13998616138181	2.7527124441227845E-4
127.0	27.889646913885613	22.16040096972234	22.077767062102822	27.872161271040248	2.3783248982076942E-5
128.0	28.008000648119026	22.068993237960175	22.26299456476351	27.65999270618165	1.884297564264737E-5
129.0	28.035180178846524	21.973548624426655	22.314370452792986	27.67688486345713	1.58804767037228E-5
130.0	27.85618572381058	22.047097941299533	22.291024085839403	27.8056793363885	1.291266198251576E-5
131.0	27.72045624047155	22.274103084160544	22.28851379032004	27.716914954832355	1.1930215516659009E-5
132.0	27.667483743206844	22.469961383114203	22.06263962061201	27.79990231855335	1.2934513592442552E-5
133.0	27.720944782297675	22.375248975505514	22.013671530110848	27.890122763292997	1.1948792969776305E-5
134.0	27.717106067236607	22.335404468754145	21.82576097075658	28.12171454120196	1.3952050708289806E-5
135.0	27.678424770244213	22.322374173880803	21.78988439787202	28.209306683669315	9.974333645689566E-6
136.0	27.745625910513688	22.227042955821076	21.86542204888745	28.16189311216698	1.5972610805894486E-5
137.0	27.913019174499983	22.06333965946069	21.9335982752016	28.09002790246136	1.4988376364245763E-5
138.0	28.152900804286755	21.924871341792525	22.071155485414856	27.85105236602496	2.0002480907706983E-5
139.0	27.969773603366164	22.043494907964124	22.2023616418435	27.784356832102	1.3014724208232984E-5
140.0	28.05880822618454	22.051834248104047	22.166448888928706	27.722898616180952	1.0020601755974178E-5
141.0	27.643352856645414	22.308985439590987	22.25895201024682	27.788696653790605	1.3039726177786936E-5
142.0	27.76188312855547	22.38917999115818	22.155377020029768	27.693545803623675	1.4056632908892969E-5
143.0	27.44611978317359	22.68692986207392	21.88742695274674	27.979507321434046	1.6080571704525526E-5
144.0	27.29856936075679	23.018200248047794	21.626480246236632	28.05655800333588	1.9214162290238815E-4
145.0	27.214610728223036	22.839837415082137	21.975111344839487	27.97042440129874	1.611055660029718E-5
146.0	28.063335659876316	22.183083191744153	21.912743903357867	27.84077777529707	5.946972459318551E-5
147.0	28.271932771177088	21.384934566316225	22.27201223691722	28.071120425589463	0.0
148.0	28.799591411763657	21.957673996259956	22.328901910945	26.91383268103139	0.0
149.0	29.360371518252965	20.85525408338491	20.266014388916812	29.492290717236337	0.02606929220897524
150.0	24.828312266284218	21.25886095829341	25.12835247583582	28.784474299586556	0.0
