# Position (bp)	A	C	G	T	N
0.0	29.569075234812697	20.92926503871422	19.914902569201054	29.586757157272032	0.0
1.0	29.965220441672187	19.787370360724072	21.049757163001047	29.17263990450458	0.025012130098111672
2.0	29.33342062743933	20.63720620961133	20.67057866921329	29.358792657511696	1.8362243584121918E-6
3.0	29.010287373519027	20.896098236240398	20.966152031738183	29.12745776794149	4.59056089603048E-6
4.0	28.866682693232864	20.817109373014585	21.241341467660344	29.074783835996076	8.263009612854863E-5
5.0	28.96308355393733	21.07344353911239	21.367053977798136	28.596408829918175	1.0099233971267055E-5
6.0	28.9495386449575	20.800465835429936	21.4775175627515	28.77223098468486	2.469721762064398E-4
7.0	28.96004001206326	21.009109582491057	21.212529271252496	28.81831654363229	4.59056089603048E-6
8.0	28.80402061888987	21.061289570084057	21.057809006812686	29.07687896798903	1.8362243584121918E-6
9.0	28.898918529956973	21.082708209112756	21.102367745206095	28.916005515724173	0.0
10.0	28.88796086109815	21.083647437872084	20.987139158042655	29.041251624874935	9.181121792060959E-7
11.0	28.96754741535263	21.035129799761936	21.005672170492108	28.99165061439333	0.0
12.0	29.00841258844909	20.968023144359403	20.999539181135013	29.024025086056493	0.0
13.0	29.043778269592107	20.94554775821244	21.02225603078511	28.98841794141034	0.0
14.0	29.020620726096	20.983511696822614	21.02627828024221	28.96958929683918	0.0
15.0	29.013503520482786	20.9775338684238	21.05045768259378	28.95850492849963	0.0
16.0	28.950989262200643	21.03280054916329	21.06793762037369	28.94827256826237	0.0
17.0	28.901863833827868	21.09349969966714	21.072031482580766	28.932604065812047	9.181121792060959E-7
18.0	28.882982856862494	21.101070452696877	21.101366084818583	28.91458060562205	0.0
19.0	28.857041597239025	21.13910141349613	21.094530739644394	28.909326249620452	0.0
20.0	28.847157201517692	21.14434291592722	21.092700023959054	28.915798022371675	1.8362243584121918E-6
21.0	28.837418785632853	21.158175194019137	21.080933498270348	28.92347252207766	0.0
22.0	28.806178182511005	21.149757941560175	21.113932286215377	28.930126999152545	4.59056089603048E-6
23.0	28.828001709010735	21.162298435815952	21.144788200334133	28.86489512881995	1.6526019225709726E-5
24.0	28.8544066152847	21.13562085022476	21.12637454246798	28.883360200968145	2.3779105441437885E-4
25.0	28.82905937424118	21.15014630301198	21.157997080256372	28.862796324378287	9.181121792060959E-7
26.0	28.839031908731716	21.16589009066101	21.17756755946833	28.81751044113895	0.0
27.0	28.819999443256773	21.176805526359587	21.182545563703986	28.820649466679654	0.0
28.0	28.78514790493411	21.20320308773612	21.19627960379273	28.81536940353704	0.0
29.0	28.75467117114536	21.260315173955817	21.191172145739806	28.793841509159012	0.0
30.0	28.774857703629568	21.26883433686667	21.17266116798265	28.78364587340893	9.181121792060959E-7
31.0	28.76253021139937	21.24879470233114	21.17457267753976	28.814102408729735	0.0
32.0	28.777642337869104	21.22666819881227	21.173765656934236	28.82192380638439	0.0
33.0	28.783359422409017	21.217286928565144	21.1779265413304	28.82142618958326	9.181121792060959E-7
34.0	28.81135817142609	21.221659896874705	21.176556717959024	28.790418786954934	6.426785254442671E-6
35.0	28.8087746037538	21.242606626243287	21.19874381688172	28.74987495312119	0.0
36.0	28.815880792020852	21.227430231921012	21.212590784768505	28.74409727317745	9.181121792060959E-7
37.0	28.790389407365197	21.231880321653623	21.230656478118743	28.74707379286243	0.0
38.0	28.76057555056984	21.25848262204612	21.242867370102182	28.73807078483314	3.6724487168243836E-6
39.0	28.748359149913323	21.274587227781574	21.232264092544533	28.744785857311854	3.6724487168243836E-6
40.0	28.746244829432943	21.287720277422302	21.22438267375768	28.74164395268899	8.266698082568771E-6
41.0	28.742248722078912	21.28763492577277	21.205589058159312	28.764520861469478	6.4325195252697675E-6
42.0	28.731753060479274	21.283130655268423	21.193665636937308	28.791436857158647	1.3790156349207247E-5
43.0	28.750674958494443	21.27386029094045	21.189712368808248	28.7857422645075	1.0117249354620663E-5
44.0	28.782906326815677	21.24295796596017	21.193432280540307	28.780697905630888	5.52105296197038E-6
45.0	28.799691256953675	21.24313688893251	21.215108925485396	28.742060166799206	2.7618292114091052E-6
46.0	28.80556386990849	21.237162698685545	21.226738147269845	28.730526073541128	9.21059499531821E-6
47.0	28.792789401997666	21.233211236474183	21.237564411719738	28.736425734788845	9.215019571457542E-6
48.0	28.753673212391483	21.24889852836595	21.27207876778667	28.725339350158773	1.014129712555904E-5
49.0	28.73540301779564	21.27606129368144	21.26970078907981	28.71882844301442	6.456428684949716E-6
50.0	28.738240389064984	21.300374164332165	21.24336102866627	28.718017958570236	6.459366345573718E-6
51.0	28.74005144449078	21.2982405653281	21.21300627007427	28.748698027353115	3.6927537315091824E-6
52.0	28.737901299653206	21.287382254833105	21.2099605474954	28.76474666201665	9.23600163883613E-6
53.0	28.722092974099784	21.288365613023036	21.20906201438108	28.780473854340716	5.544155386043005E-6
54.0	28.74623374411805	21.273484698815555	21.202858300582513	28.77741863403489	4.622448997515619E-6
55.0	28.7826623287465	21.25667113385933	21.21574727728854	28.744904461441223	1.4798664402039385E-5
56.0	28.774949538678474	21.248687665110644	21.237760177655833	28.73859614108768	6.477467370961078E-6
57.0	28.777601384011582	21.24783714630155	21.242771196419884	28.731784718497376	5.5547696070892046E-6
58.0	28.749415632765157	21.274959380149898	21.241161412286758	28.734452460092395	1.1114705792209408E-5
59.0	28.72049801218064	21.299063257154753	21.250533072158092	28.72989917175274	6.486753770796301E-6
60.0	28.706602307822525	21.32158932242804	21.25584485529565	28.715960733071206	2.7813825783670535E-6
61.0	28.715983227454515	21.32728422302932	21.20905204541259	28.747671228299804	9.275803771818233E-6
62.0	28.72218292692818	21.307435634150597	21.17936755964271	28.79100181506952	1.2064208986844574E-5
63.0	28.729366777761804	21.282653327698327	21.190246329712885	28.797727993945415	5.57088156656755E-6
64.0	28.74843523923683	21.26559982468827	21.18844854368039	28.79750617392787	1.0218466636404523E-5
65.0	28.76758041605299	21.259135213653657	21.19905943584442	28.77421749898283	7.435466102602294E-6
66.0	28.76916076122713	21.25395543521679	21.23914660007511	28.737726044547113	1.1158933858720736E-5
67.0	28.76135676872622	21.24826576851481	21.243981332063765	28.746334725091344	6.140560385866115E-5
68.0	28.741342146886932	21.26668551951959	21.244702522087252	28.747264226395085	5.585111136264797E-6
69.0	28.718344949301216	21.301154796991604	21.24554540971055	28.734946462216293	8.381780334100745E-6
70.0	28.700438768927473	21.323243314642664	21.239990764956456	28.736315970130832	1.1181342573246971E-5
71.0	28.7083643480587	21.3304483986986	21.218777208531616	28.74240445122313	5.59348794945948E-6
72.0	28.70027918828458	21.312734512683814	21.20666240301309	28.78031456853789	9.327480625283708E-6
73.0	28.727171412287877	21.28905001438576	21.18493686270217	28.798835178005007	6.5326191874037655E-6
74.0	28.732222385731742	21.27124461788074	21.17857206885527	28.81794972256501	1.12049672366758E-5
75.0	28.785083988593097	21.237570078472718	21.201409525355274	28.77593080187101	5.605707903695919E-6
76.0	28.79555708479713	21.235768447802588	21.217135684682162	28.75152850025214	1.0282465977259729E-5
77.0	28.770616576594925	21.24837721786149	21.236256504081634	28.744743154780135	6.546681825539608E-6
78.0	28.768499863506175	21.254269069709093	21.259664445080777	28.717554457312726	1.2164391229953011E-5
79.0	28.7410606467598	21.283363336017484	21.26967373463102	28.70588917532735	1.3107264355799163E-5
80.0	28.72957140367138	21.294603673969192	21.26817337984428	28.70764404854552	7.493969626060564E-6
81.0	28.730922738241542	21.30990078878185	21.23307127833182	28.726096759257167	8.43538762077624E-6
82.0	28.733297480532222	21.296280658395318	21.210320584114392	28.76008814841488	1.3128543188673134E-5
83.0	28.719756876641846	21.289297882588112	21.200877344759718	28.790007846832488	6.0049177837150775E-5
84.0	28.74173729605543	21.274149423103594	21.198746883980988	28.785354192915708	1.220394428099608E-5
85.0	28.76874527985401	21.245535621531243	21.199908874248305	28.785804588651615	5.635714832378624E-6
86.0	28.78351930569566	21.23189873987811	21.225554832068113	28.75901584429979	1.1278058328877091E-5
87.0	28.79360901207425	21.234207187073167	21.233746397080697	28.73842799989449	9.403877397324587E-6
88.0	28.78041630381885	21.237947243264763	21.25989524107546	28.721733684447354	7.527393573075612E-6
89.0	28.755557873624486	21.25970874426231	21.25500712304088	28.729718727440407	7.531631912578842E-6
90.0	28.709857702712537	21.298264681080358	21.262026933080477	28.729841263139622	9.419987002490333E-6
91.0	28.736419468313994	21.291988422474386	21.23042511117297	28.74115945778894	7.540249711580736E-6
92.0	28.726027818533645	21.293242996532953	21.20391513704346	28.776802731254804	1.1316635141507496E-5
93.0	28.725732781718673	21.292272930455866	21.191492275283846	28.79049351994881	8.492592803020169E-6
94.0	28.736570597054616	21.286583900020613	21.187289644106215	28.789549249587427	6.609231126332612E-6
95.0	28.754321773840363	21.26397801935086	21.185995704543835	28.795693165566444	1.1336698500021581E-5
96.0	28.77814228229741	21.246505256200546	21.20476306071874	28.770579947865265	9.452918040175658E-6
97.0	28.76036371334294	21.246894349029745	21.238421328539157	28.75431493392373	5.67516442772129E-6
98.0	28.749513496372277	21.267190626921238	21.2339640960583	28.749322316287557	9.464360629770292E-6
99.0	28.755649407682714	21.264645523472858	21.221227003639356	28.75846954229992	8.522905156088675E-6
100.0	28.72885041335161	21.27977180749351	21.234935690569582	28.756429770450133	1.2318135170782178E-5
101.0	28.7243456548524	21.299223143653716	21.205531054105933	28.770893510426433	6.6369615231637065E-6
102.0	28.73581053258772	21.297761070830163	21.185394303150137	28.78101701540628	1.7078025704326242E-5
103.0	28.747611961279627	21.26753004907485	21.166377299632003	28.818472145664593	8.544348925691004E-6
104.0	28.73447432649484	21.249035205998602	21.179854664241045	28.83661775286324	1.8050402271265017E-5
105.0	28.76142954795215	21.248240083371005	21.18050893592951	28.809811926621375	9.50612595670127E-6
106.0	28.776542076226946	21.231449336082104	21.182734158463855	28.809259209301263	1.5219925835584392E-5
107.0	28.80030638499262	21.231257799012948	21.197542885260827	28.770887219568092	5.7111655141931274E-6
108.0	28.798101445514074	21.238198135688712	21.192956766856852	28.77073126983138	1.2382108987856694E-5
109.0	28.769345748222726	21.244435769857503	21.212694292169765	28.77350703374009	1.715600992040555E-5
110.0	28.731522592089892	21.27648048072382	21.212301387691433	28.779679325427658	1.6214067194985833E-5
111.0	28.747031745934336	21.26961461388811	21.21146616802381	28.77187029275537	1.7179398377659697E-5
112.0	28.7418466776659	21.272257811884426	21.200733494581165	28.785154375299953	7.64056855380751E-6
113.0	28.753538951079854	21.261277185369135	21.175888948593933	28.809281534366814	1.3380590264859799E-5
114.0	28.75103923575373	21.256023062574087	21.163778007478882	28.829150129867287	9.564326012753569E-6
115.0	28.767380787000846	21.23846948894698	21.154181488681747	28.839960578567553	7.656802876500048E-6
116.0	28.797912964418344	21.2134882939036	21.158485650849794	28.830099682090314	1.3408737945831918E-5
117.0	28.82776440478212	21.207012774705763	21.168408950531983	28.796805243855605	8.626124526752838E-6
118.0	28.821701019203143	21.203866776056213	21.18036312753298	28.794059485447736	9.59175992622939E-6
119.0	28.817960439924644	21.20404562133134	21.189770381734423	28.788207239159064	1.6317850534401928E-5
120.0	28.795065068031512	21.20653765790705	21.20293932924906	28.795449299602037	8.64521033686283E-6
121.0	28.797720849317226	21.23217900728708	21.195405581757083	28.77467533621682	1.9225421790614066E-5
122.0	28.81676959433866	21.231748064026533	21.15064865673539	28.800818293462072	1.539143734322859E-5
123.0	28.829744257835237	21.20779368696919	21.128423208098994	28.83402825743464	1.0589661931107838E-5
124.0	28.81299942586229	21.218822390465096	21.120723750735017	28.84739373369973	6.069923787771185E-5
125.0	28.86439316653604	21.188395487018987	21.10565196045845	28.841549743342714	9.642643813137983E-6
126.0	28.886175902614614	21.165359555631728	21.09567632763569	28.85252570649343	2.625076245436059E-4
127.0	28.87910858864828	21.17998314005128	21.10890461294116	28.831974681409058	2.897695022698804E-5
128.0	28.928208208349872	21.14255626185496	21.11328031220565	28.815942650729838	1.2566859681064508E-5
129.0	28.941716970820025	21.107657257541366	21.123007550629797	28.82760080607905	1.7414929761234538E-5
130.0	28.918663689444813	21.116574386151328	21.120084347518514	28.844662084642064	1.549224327585808E-5
131.0	28.914389707765714	21.134363431875226	21.105717097693024	28.84551522482347	1.453784256633007E-5
132.0	28.926889132863792	21.134628218707498	21.054925266575918	28.88354283220837	1.454964441978506E-5
133.0	28.944678935902797	21.09234334884789	21.055558414437982	28.907408622472886	1.0678338440054541E-5
134.0	28.95704804618443	21.09737392781939	20.99685191740211	28.94871542075828	1.0687835784473496E-5
135.0	28.960964769927482	21.066938474008428	20.950380287215914	29.02170382622406	1.2642624117065876E-5
136.0	28.952635153048227	21.049699047735633	20.973259325735636	29.02439381934781	1.2654132689833697E-5
137.0	28.974830958675685	21.048419315109285	20.939267798244625	29.037473158510647	8.769459760062319E-6
138.0	29.02126183995127	21.025285728296716	20.945333847671964	29.008100053220627	1.8530859420687103E-5
139.0	28.99193892477469	21.03176139014249	21.015052834108143	28.961229276381754	1.7574592918727856E-5
140.0	29.039470344588175	21.018049140095727	21.070317457633696	28.87214937513261	1.3682549793975006E-5
141.0	28.903160781633947	21.127635477098302	21.080169468404673	28.88902253256907	1.1740294012769976E-5
142.0	29.082993369705378	21.072729135354656	21.051284346577404	28.79298237503974	1.0773322823793688E-5
143.0	28.80425280958055	21.222607065170628	21.000476802974486	28.972648615816414	1.4706457923333627E-5
144.0	28.766644825503025	21.48516091766177	20.786210640024088	28.961785370073855	1.982467372610867E-4
145.0	28.586160562986713	21.364822384383956	21.06429809299842	28.9847111003981	7.859232809593405E-6
146.0	29.090579221133005	21.242773661131704	20.79928863002515	28.867289641901177	6.884580896269557E-5
147.0	29.14932274332983	20.963360913673263	20.869828425502533	29.01748791749437	0.0
148.0	29.384161578625097	20.658745405970638	20.584796488818533	29.372296526585735	0.0
149.0	29.22937790332414	20.985774307628628	19.697182598064224	30.061490802697787	0.026174388285220816
150.0	29.50572458765672	19.788102834732413	20.980099336018025	29.726073241592843	0.0
