# Position (bp)	A	C	G	T	N
0.0	28.944204881602815	22.590391071198436	21.186292329819356	27.2791117173794	0.0
1.0	29.222202588575513	20.24496520346255	21.206384867415785	29.30039002444537	0.02605731610077814
2.0	28.438930218782126	21.06278207635788	21.787168649429802	28.711118022925692	1.0325045013582494E-6
3.0	27.947088439524116	21.33956349302798	21.984739418269207	28.728606584169697	2.0650090027164988E-6
4.0	28.181154112468526	21.35204853745841	22.046845596530403	28.41989703080409	5.4722738571987215E-5
5.0	28.252767592178234	21.64545740661838	22.148722815679424	27.953042892983447	9.292540512224244E-6
6.0	28.21259077702138	21.363270828883667	22.296616695444975	28.127346172884742	1.755257652309024E-4
7.0	28.197305580383276	21.628948692146167	22.054074160544417	28.119668469412645	3.0975135040747475E-6
8.0	28.078862859014464	21.678069061293783	21.855441977077618	28.387624037605136	2.0650090027164988E-6
9.0	28.127930570432515	21.69160416280209	21.92394555322923	28.256518681031668	1.0325045013582494E-6
10.0	28.118135200228128	21.709738039359443	21.796921686949634	28.375204040958295	1.0325045013582494E-6
11.0	28.212395633670624	21.67267938779669	21.777400124342453	28.33752485419023	0.0
12.0	28.276872442266942	21.602617762352526	21.753410914757897	28.36709888062264	0.0
13.0	28.288634733546413	21.582537614810114	21.782531671714203	28.346293914920267	2.0650090027164988E-6
14.0	28.292930984776564	21.612421392592925	21.797151935453435	28.297494654672573	1.0325045013582494E-6
15.0	28.258892408880293	21.623173894470067	21.828546267321734	28.289387429327906	0.0
16.0	28.17739373107458	21.710538230347996	21.85089998977614	28.261167016296785	1.0325045013582494E-6
17.0	28.127258410002128	21.771676951891422	21.871427211767642	28.229637426338805	0.0
18.0	28.10726705784683	21.793819010923052	21.89872972829706	28.20018420293306	0.0
19.0	28.097411802381366	21.817457168977146	21.870608435698067	28.21452259294342	0.0
20.0	28.105377574609342	21.83264118017412	21.852082207430197	28.20989903778634	0.0
21.0	28.095540904224904	21.83298190665957	21.83090760511634	28.240569583999186	0.0
22.0	28.071264658388966	21.842939380070668	21.863289011287936	28.22250488524342	2.0650090027164988E-6
23.0	28.085729013948495	21.82978837023687	21.905877756959963	28.178598663827664	6.195027008149495E-6
24.0	28.12118625102964	21.80796742010516	21.882224111338346	28.18839403403205	2.281834948001731E-4
25.0	28.103560366686953	21.816610515286033	21.921859894136485	28.15796922389053	0.0
26.0	28.110323271170852	21.851505037413936	21.955319235007504	28.082852456407714	0.0
27.0	28.083860180801036	21.84868010509822	21.97996305244592	28.08749666165482	0.0
28.0	28.038394877588228	21.908165786934973	22.00405138246261	28.049387953014186	0.0
29.0	27.99577515678116	21.98052266988566	21.971525425660822	28.05217674767236	0.0
30.0	28.010554426213602	21.971872347173278	21.93352306498383	28.084050161629285	0.0
31.0	28.011513622895368	21.958755409988022	21.933086315579757	28.096644651536856	0.0
32.0	28.043046310366847	21.94867919855927	21.90846831075387	28.099806180320012	0.0
33.0	28.062482175100417	21.914163605583365	21.92082842213963	28.102524764672086	1.0325045013582494E-6
34.0	28.09212537933441	21.914645785185495	21.941753158364158	28.051472579602432	3.0975135040747475E-6
35.0	28.0870237745932	21.933039852877194	21.949884131312352	28.030052241217252	0.0
36.0	28.075605307312678	21.91815113796761	21.99984702413308	28.006396530586635	0.0
37.0	28.042465010332585	21.94437984981561	22.004298151038434	28.00885698881337	0.0
38.0	27.99936310992338	21.975500567991052	22.018810001805026	28.006317027740028	9.292540512224244E-6
39.0	27.983585408638127	22.001622931875414	22.006775129337193	28.008011367626757	5.162522506791247E-6
40.0	27.97115758869563	22.028672491703404	21.992799313454572	28.007366474362783	4.131783610104818E-6
41.0	27.972988901131334	22.03445046770265	21.96431537624636	28.028238021195268	7.233724383651031E-6
42.0	27.98635163011427	21.99939448785453	21.950074763743523	28.064173949155485	5.169132196265539E-6
43.0	27.997285007352296	21.990254141986554	21.94102716256522	28.071428516760164	5.171335765750404E-6
44.0	28.04852286642683	21.963501677010434	21.939982369521495	28.04798791341443	5.173626812349927E-6
45.0	28.05563082571354	21.94371700161565	21.96620246603257	28.03444556585938	4.140778862284569E-6
46.0	28.061777694241623	21.95117667014671	21.987124306343915	27.99991925789513	2.0713726236540065E-6
47.0	28.051366786377823	21.941070229318925	22.00097209060884	28.006577423520966	1.3470173440502586E-5
48.0	28.00383025643005	21.95894196650653	22.05072805017631	27.986490397136787	9.329750322197743E-6
49.0	27.979698749108294	21.992736945197503	22.052633060894884	27.9749260593476	5.185451717403459E-6
50.0	27.9766904196187	22.030444274768563	22.024345571415356	27.968507283629123	1.2450568261054966E-5
51.0	27.990389255856357	22.022051208709726	21.977105683827684	28.01044762358893	6.2280173046706405E-6
52.0	27.964766069567816	22.02875606653304	21.956660494384593	28.049811138802244	6.230712310815843E-6
53.0	27.970519540095186	22.02145120530503	21.939668855193066	28.0683531270017	7.2724050201827415E-6
54.0	27.977017160638688	21.99512953279121	21.968397759146033	28.05944723207337	8.315350694510562E-6
55.0	28.022479488449488	21.97417830831066	21.96086460946813	28.042471354437744	6.2393339885327276E-6
56.0	28.0367930353683	21.965552477253027	21.990650346615162	28.006999979286245	4.161477261173262E-6
57.0	28.023607146859952	21.95433515740235	22.024566519232327	27.99748493140465	6.245100718486348E-6
58.0	28.002695014426372	21.977936990448583	22.024040305923	27.995318317339574	9.371862476165403E-6
59.0	27.94603808319508	22.028987458012654	22.03401006212735	27.990960229393302	4.167271615596198E-6
60.0	27.923936893633254	22.069764410427155	22.014574992703288	27.99171536473431	8.338501988534684E-6
61.0	27.93719690084215	22.072078390009313	21.959911451500687	28.030804915152284	8.342495565989677E-6
62.0	27.952624516756135	22.04817985943427	21.93420257013529	28.064983664068965	9.389605335482565E-6
63.0	27.98437971567535	22.019621155017653	21.92070789921764	28.075284967312374	6.2627769783574925E-6
64.0	28.007142700122568	21.991823949714956	21.923953886997026	28.077071108641654	8.354523799714704E-6
65.0	28.021187656864488	21.985546394900048	21.943339719798665	28.049919959342834	6.269093962329641E-6
66.0	28.026132855038437	21.953944463114773	22.008245217960496	28.011671191659882	6.272226418341697E-6
67.0	28.0156687794619	21.96296780273765	22.024737218769996	27.996584363295995	4.183573445696306E-5
68.0	28.001352917692067	21.977378381576134	22.025753675410524	27.995505607678083	9.41764318644869E-6
69.0	27.959636756478517	22.01241967053751	22.028605931403526	27.999330313217076	7.3283633699043445E-6
70.0	27.927328336224672	22.06080481817289	22.018283394978887	27.993581355765766	2.0948577787961114E-6
71.0	27.94497594440829	22.075833681068644	21.974150248126293	28.005032790761454	7.3356353185731755E-6
72.0	27.95528851720422	22.04451908483451	21.94152064491461	28.058660219653888	1.1533392773643714E-5
73.0	27.961755690436878	22.025489212874476	21.92636053315654	28.086388269381263	6.294150845619167E-6
74.0	27.988529447358168	21.993208730870037	21.92446896240756	28.093783413051465	9.446312773503554E-6
75.0	28.022642907640805	21.963717868364302	21.95202095388075	28.06160881848635	9.451627792419109E-6
76.0	28.049485304387684	21.932976570508554	21.990140046418162	28.027387571466296	1.0507219305494029E-5
77.0	28.034190030645856	21.949649779863474	22.010446152529838	28.00570562703948	8.409921348207946E-6
78.0	28.01852587951277	21.959442265227484	22.0214585589874	28.00056488214932	8.414123025564241E-6
79.0	27.98021081354901	21.997421008900357	22.045795244590277	27.976564514376406	8.418583948298614E-6
80.0	27.96257280977888	22.031794243950163	22.033694705262143	27.971928765024433	9.475984381050812E-6
81.0	27.98195727825264	22.032273275340604	21.995369805456843	27.99038699952836	1.264142155819363E-5
82.0	27.96728822039838	22.035875859466117	21.95590115861395	28.0409252756059	9.485915649720296E-6
83.0	27.971091357585475	22.023893706172235	21.93885122832825	28.066113089274648	5.0618639392275144E-5
84.0	27.98357211974548	22.007082323210415	21.924024773053844	28.085300737071396	2.0046918864010322E-5
85.0	28.020224437796536	21.958203084728098	21.931957186269933	28.08960367891024	1.1612295191046642E-5
86.0	28.059235428405927	21.930249475539117	21.952321142758034	28.058186559457404	7.393839516290794E-6
87.0	28.055583174783465	21.938178191198162	21.98411664704715	28.022116702680165	5.28429105401653E-6
88.0	28.038332225664192	21.942992313992214	22.01290923616299	28.005754592332817	1.163184778775473E-5
89.0	27.986869863214288	21.980260675449177	22.03740637170916	27.995456741516257	6.348111115305566E-6
90.0	27.96550728570492	22.02673363627701	22.021089130650118	27.98666147849229	8.468875659258302E-6
91.0	27.9664741339337	22.04009494640713	21.98885675526113	28.004565690898737	8.473499310966812E-6
92.0	27.980643727686143	22.030402059885187	21.936838739046888	28.052112294127944	3.1792538342119164E-6
93.0	27.98069130890995	22.013417808724306	21.930381339067388	28.075505301820634	4.241477718112557E-6
94.0	27.974836244540906	22.006346947395556	21.92821722194101	28.09059322031111	6.3658114167199255E-6
95.0	28.01346098926475	21.97741910218614	21.926004304053315	28.08310711197241	8.49252338411006E-6
96.0	28.032978612757432	21.96261443005818	21.943713055486917	28.060683279964078	1.0621733392112589E-5
97.0	28.040925128269244	21.939132263972258	21.98271915567689	28.03721069867528	1.275340633120964E-5
98.0	28.030171120572376	21.95631095970871	21.99684238750027	28.01666596163357	9.57058507474914E-6
99.0	28.003218646169774	21.979436538377666	21.990280838539768	28.0270469528937	1.7024019092777894E-5
100.0	27.965071793883673	22.011425363487618	21.990561154494465	28.03293210665241	9.581481831737873E-6
101.0	27.948591353995987	22.04471678148118	21.958745177186447	28.04794136111502	5.326221364875756E-6
102.0	27.986165059671258	22.041134965155283	21.903881762618752	28.06880435548571	1.3857069002010585E-5
103.0	27.998973706267982	21.992439893572367	21.89301875485028	28.11556124590549	6.399403882729516E-6
104.0	28.007076045600755	21.977467930618356	21.906662863245373	28.1087835552176	9.60531791382399E-6
105.0	28.024734797319685	21.966740789813734	21.902338623680603	28.1061793818603	6.407325674849174E-6
106.0	28.056774990158274	21.935576773858337	21.90936814179901	28.098270477122018	9.6170623612318E-6
107.0	28.06753023738342	21.92426187292121	21.929316089633254	28.078883246278806	8.553783307884224E-6
108.0	28.065089076838866	21.93698112652828	21.94591349237445	28.052004535660448	1.1768597952790333E-5
109.0	28.034726515394897	21.94597715771812	21.97139013492377	28.04789227467011	1.3917293102764038E-5
110.0	28.012698248779127	21.98191386549547	21.97415261048393	28.03122349141744	1.1783824034083962E-5
111.0	28.01154098225696	21.991186044312897	21.958899078792417	28.03835459963841	1.9294999315027523E-5
112.0	27.993840998709352	22.008928054735506	21.935255036043657	28.061964111329658	1.1799181829714786E-5
113.0	28.000111073591633	21.995645309820453	21.889565092253605	28.114658130072222	2.0394262089388503E-5
114.0	28.002454580476122	21.987351119013255	21.878122481164066	28.132058930124543	1.2889222013218714E-5
115.0	28.03655057407352	21.94987176703259	21.85773500444712	28.15582975661129	1.2897835482024947E-5
116.0	28.065521181605984	21.923917103140482	21.858984064952956	28.151558290741047	1.9359559527859923E-5
117.0	28.118921070488266	21.89991545840375	21.874889415304327	28.106264369552935	9.686250715813927E-6
118.0	28.097967699026565	21.897310673340503	21.912473947848717	28.092241217702597	6.462081614410648E-6
119.0	28.095702954917417	21.905759553228226	21.93003050638951	28.068491896950448	1.508851439866752E-5
120.0	28.066182249597016	21.906488591564514	21.947009947360847	28.080309504988694	9.706488932370124E-6
121.0	28.060480369570147	21.961006781292795	21.920197437231902	28.058298144047413	1.7267857746654E-5
122.0	28.072457708052635	21.971891427958372	21.87153483563345	28.08409982874419	1.6199611351884134E-5
123.0	28.081975802197924	21.956253909525287	21.832762651661266	28.12898818321648	1.945339904216002E-5
124.0	28.088377173784597	21.944049365087263	21.816393865605328	28.151110375066928	6.922045588202879E-5
125.0	28.15986682689338	21.89677183545613	21.791135161234394	28.152213187635	1.298878109186768E-5
126.0	28.187081601361385	21.857888708333135	21.770244620350805	28.184508836224154	2.7623373052385644E-4
127.0	28.174732652491937	21.868479389391663	21.793871009396202	28.16290393941244	1.3009307758580942E-5
128.0	28.228073522740388	21.831419827307847	21.82305608386336	28.117436461967927	1.4104120479740592E-5
129.0	28.246286191285254	21.80347411148288	21.82546879723152	28.12474918436057	2.171563977749287E-5
130.0	28.21156442827611	21.836223170362043	21.81828686161092	28.1339190202227	6.519528230855712E-6
131.0	28.201773731289713	21.854948523981026	21.812545357875056	28.13072151145895	1.0875395256724635E-5
132.0	28.21522302426966	21.85583892504377	21.769671039742352	28.159255038949848	1.1971994370681178E-5
133.0	28.228524343307626	21.83896824842031	21.7609856920193	28.171508646002934	1.3070249826280042E-5
134.0	28.26913166481396	21.815391667468344	21.683860662816627	28.231598563362247	1.7441538823366538E-5
135.0	28.271719482487295	21.7933896506187	21.626282718765903	28.3085885096678	1.9638460309798894E-5
136.0	28.280495966099572	21.763971844991413	21.62297557405909	28.33255006318156	6.5516683621474436E-6
137.0	28.332005106145854	21.74060054201812	21.58732195144973	28.340053819705886	1.8580680407466014E-5
138.0	28.365887320981038	21.707827994592254	21.613006933094773	28.313260247992133	1.7503339801327902E-5
139.0	28.34557172886829	21.733750069536338	21.67792607816366	28.242735697525035	1.6425906677196768E-5
140.0	28.367157606351423	21.741538511654383	21.72416791435629	28.16711952651224	1.6441125660740067E-5
141.0	28.263315399920153	21.852651864583397	21.72769044563838	28.156331318031974	1.0971826095108112E-5
142.0	28.387927848757887	21.815834287505652	21.687684376667164	28.108539209629026	1.4277440273733235E-5
143.0	28.10542864281687	21.991365351701006	21.651059930903113	28.252132882443735	1.3192135271099697E-5
144.0	28.133744829839003	22.220878428517977	21.363460774933195	28.2817773203573	1.3864635252586917E-4
145.0	27.945284929764103	22.074038250634576	21.66380794028576	28.31686447379123	4.4055243292602975E-6
146.0	28.432659979563457	21.983988601172307	21.368754569740968	28.21455054366005	4.6305863214222044E-5
147.0	28.747894062912515	21.902205674382667	21.366019405031807	27.98388085767301	0.0
148.0	28.73095354026058	21.707112717020888	21.05927912867127	28.502654614047263	0.0
149.0	29.375461976829698	21.06220638422583	20.191753988912886	29.343803280867668	0.026774369163911228
150.0	27.174609116815724	21.00258554527268	22.67816122258338	29.144644115328216	0.0
