# Position (bp)	A	C	G	T	N
0.0	29.01537524858002	22.48558528577521	21.206476663831577	27.29256280181319	0.0
1.0	29.309229617020605	20.142383196636043	21.20671355233909	29.315641140396032	0.026032493608233516
2.0	28.523339372242734	20.9374460750982	21.803314345942773	28.73589923586175	9.708545389808874E-7
3.0	28.028870534430766	21.231829559262525	22.00176575140132	28.737532213196314	1.9417090779617748E-6
4.0	28.247982695333363	21.233057690254334	22.068127542558816	28.450776733144767	5.533870872191058E-5
5.0	28.329573310789314	21.538963276087284	22.16624889825	27.96520674803709	7.766836311847099E-6
6.0	28.29669338011765	21.266672557812008	22.300083138157593	28.136367432404885	1.8349150786738772E-4
7.0	28.277803463352697	21.547948534845553	22.066393596352196	28.10785149288594	2.912563616942662E-6
8.0	28.15700391648546	21.584348784075562	21.868570333780372	28.390075023949525	1.9417090779617748E-6
9.0	28.214134822686333	21.58730212358314	21.938646614404014	28.259915468471974	9.708545389808874E-7
10.0	28.186716919650973	21.60202319095771	21.827293482201064	28.383965436335718	9.708545389808874E-7
11.0	28.29913119586503	21.552356214452526	21.794330058039044	28.354182531643403	0.0
12.0	28.34058085955228	21.498882517299997	21.779371131302426	28.381165491845294	0.0
13.0	28.38591782481361	21.46515600147034	21.801378461992044	28.347545770014925	1.9417090779617748E-6
14.0	28.362190139880916	21.502494096185007	21.829450720986678	28.305864072092863	9.708545389808874E-7
15.0	28.363652246816624	21.50932114530312	21.847572691811294	28.279453916068963	0.0
16.0	28.277929674442763	21.594679647224858	21.875147873281968	28.252241834195868	9.708545389808874E-7
17.0	28.21576488745728	21.66032203516897	21.908447213114474	28.215465864259276	0.0
18.0	28.184860645772442	21.680043003419293	21.934616597212703	28.200479753595566	0.0
19.0	28.17877144610395	21.720398514041108	21.89119901137494	28.209631028479997	0.0
20.0	28.204835977911973	21.70861719421058	21.881702112274628	28.20484471560282	0.0
21.0	28.175444327598864	21.705615311976047	21.883474892662807	28.23546546776228	0.0
22.0	28.153608838162647	21.7193024192666	21.895325143165607	28.23176165769607	1.9417090779617748E-6
23.0	28.17136673853515	21.711286073338236	21.928861371505626	28.188479020639225	6.7959817728662125E-6
24.0	28.199612780492256	21.688803994779054	21.916283950953126	28.195063356122592	2.3591765297235564E-4
25.0	28.180009285641148	21.706855093222327	21.93672723498045	28.17640838615607	0.0
26.0	28.198450667609094	21.735644813721265	21.98713788606249	28.07876663260715	0.0
27.0	28.162787296974173	21.733395343754445	22.011918948169978	28.0918984111014	0.0
28.0	28.14180615953226	21.78121769663557	22.032906881593668	28.04406926223851	0.0
29.0	28.10604473258889	21.84062331502127	22.008642314100918	28.044689638288915	0.0
30.0	28.10091279549584	21.847079497705494	21.981511784009097	28.07049592278957	0.0
31.0	28.088216930689587	21.856507466133536	21.974416779038226	28.080858824138648	0.0
32.0	28.14749925054884	21.85176678341969	21.928272062800463	28.072461903231005	0.0
33.0	28.158332045494788	21.793891231787423	21.96174033132275	28.086035420540494	9.708545389808874E-7
34.0	28.188011068751432	21.795281495487245	21.97457405747354	28.042130465724163	2.912563616942662E-6
35.0	28.18582179176603	21.8192548066183	21.970550836264003	28.024372565351662	0.0
36.0	28.182547099406047	21.795022277325337	22.022133308774595	28.000297314494016	0.0
37.0	28.126566655833873	21.83960488860988	22.028326389878757	28.005502065677497	0.0
38.0	28.09016543574932	21.85562010508491	22.038102895086293	28.01610573895224	5.825127233885324E-6
39.0	28.068061990460347	21.89946098350167	22.040359161034885	27.992113010730407	4.854272694904437E-6
40.0	28.06213963633411	21.906014853920645	22.032015684005824	27.99982302653951	6.799199909007278E-6
41.0	28.06492989090208	21.912086060580535	22.0040348877867	28.018939442933288	9.717797398636984E-6
42.0	28.088846040183434	21.876270843485983	21.986979212544398	28.047898070326553	5.833459627734274E-6
43.0	28.122622859270525	21.867139899658987	21.94792018938113	28.06231316086658	3.890822773713278E-6
44.0	28.157414479411543	21.838617838097104	21.960381994495307	28.043579848875382	5.8391206642412385E-6
45.0	28.161661183475783	21.828751946925156	21.973647461730707	28.035931618415095	7.789453259444137E-6
46.0	28.15134230787842	21.833217197995378	22.008912183652164	28.006525387890846	2.9225831968592516E-6
47.0	28.142462215128567	21.812428161532228	22.022860136579897	28.02224266385628	6.8229030233989025E-6
48.0	28.091704077656942	21.835891124536964	22.081662633732478	27.990732412126007	9.7519476077785E-6
49.0	28.082262316641142	21.887633777588196	22.06885627549769	27.961241776234353	5.854038620751426E-6
50.0	28.070620376736343	21.919064597073035	22.0659817288839	27.944324511914864	8.785391853466224E-6
51.0	28.109792402294882	21.91019156599579	21.99348707413648	27.986524074382473	4.88319037500519E-6
52.0	28.073083490988495	21.911448849152364	21.97740283353849	28.038057986546868	6.839773784839438E-6
53.0	28.079068157726194	21.900497133460927	21.959297634139155	28.061130231495152	6.84317857198231E-6
54.0	28.044020467339614	21.87379797632435	22.00141685289266	28.080755900320202	8.803123168125088E-6
55.0	28.09366604906598	21.85737358223377	21.99500966328732	28.053943855071516	6.850341413187072E-6
56.0	28.1010708561806	21.85165667670811	22.038151873643137	28.009118635225498	1.958242649156087E-6
57.0	28.094837162304426	21.84666594037195	22.04413797040869	28.01435206953291	6.857382020236272E-6
58.0	28.084870907877413	21.869783796295426	22.05045145155129	27.99488600330826	7.840967613040094E-6
59.0	28.053137688506546	21.903215967148387	22.065743389777428	27.977897070725042	5.883842591677328E-6
60.0	28.0175483116833	21.956590402921925	22.03686949208977	27.988982962909354	8.830395650390429E-6
61.0	28.02550283661644	21.951942215983923	21.987860694849054	28.034686399156637	7.853393941377517E-6
62.0	28.027949723388986	21.929417975289216	21.96704805777878	28.075574421789963	9.821753057595211E-6
63.0	28.057796048617035	21.91398509396136	21.940321580489506	28.087893346113212	3.930818884797791E-6
64.0	28.078071667782684	21.878610420058088	21.95946082138887	28.083847258304367	9.832465988566061E-6
65.0	28.108121094317568	21.86361373212553	21.974120471825586	28.054138798908834	5.902822482776523E-6
66.0	28.09917359439441	21.837660514259667	22.041474989735498	28.021685979886946	4.921723482435535E-6
67.0	28.10135322863102	21.85667963536625	22.041317896697084	28.000605904157823	4.333514782850036E-5
68.0	28.08738441200549	21.881848226193227	22.039238962346296	27.991519530650237	8.868804746946936E-6
69.0	28.052217855359	21.905531411935424	22.036491626461444	28.005749246786753	9.859457378847481E-6
70.0	28.010604979146535	21.95303308555328	22.041405609969885	27.99495237937964	3.945950656557851E-6
71.0	28.056487709136167	21.956483341529793	21.986381457857657	28.000636634149796	1.0857326585669364E-5
72.0	28.059533356409517	21.934213675059965	21.96548098670431	28.040759143069057	1.283875715023717E-5
73.0	28.04820991491031	21.925053681307443	21.949991650123373	28.076736848450235	7.90520864315987E-6
74.0	28.069513210530395	21.894481943710748	21.952031361461522	28.08395964198399	1.3842313349554678E-5
75.0	28.110139364999565	21.871924276045387	21.954657395064483	28.06326907042469	9.893465873325467E-6
76.0	28.13845322705701	21.84026329524422	22.00289003107563	28.018381567749056	1.1878874090616506E-5
77.0	28.131453909391084	21.859382967374774	22.009894311051937	27.999262869498377	5.942683824766379E-6
78.0	28.111904253358134	21.866221965351397	22.028392678478486	27.99347218383898	8.918973003249806E-6
79.0	28.08061053558939	21.89872807465317	22.057718743006937	27.962932731028587	9.915721916513904E-6
80.0	28.053670494457478	21.922458190622194	22.059713290625442	27.964145126244432	1.289805045570499E-5
81.0	28.0582428621701	21.9410721463234	22.005083113494077	27.995587979634028	1.3898378392802643E-5
82.0	28.054591693668762	21.93564116518726	21.966840789242216	28.0429174121814	8.939720359587338E-6
83.0	28.059270417615405	21.922183114784243	21.94128566333754	28.077209122029473	5.168223333878349E-5
84.0	28.078397763740547	21.91428351653171	21.917168441585066	28.090127405589683	2.2872552991105907E-5
85.0	28.109546872321612	21.862561432651113	21.931696377757344	28.0961853667892	9.950480736083231E-6
86.0	28.139684995534086	21.848443171986766	21.955324014801942	28.05653985234322	7.96533399028753E-6
87.0	28.126932918538472	21.857009946954967	21.986580870272977	28.029470286520176	5.977713410645359E-6
88.0	28.127613407049694	21.856228017723332	22.00349545202251	28.01265315431359	9.968890879742857E-6
89.0	28.084619676197274	21.877519127627128	22.03186361323141	28.005990600520274	6.9824239123520665E-6
90.0	28.046085869297855	21.953377149655896	22.00952959701788	27.990997402968027	9.981060339142857E-6
91.0	28.061501682605606	21.958780107642497	21.967115336193345	28.012595882592844	6.990965714826045E-6
92.0	28.059731245032633	21.942977376024025	21.936082159167007	28.06120522254917	3.997227163488959E-6
93.0	28.064418521097277	21.935316492390537	21.919337305731137	28.08092068113733	6.999643718134747E-6
94.0	28.060954391397775	21.924592840318017	21.92441774014496	28.090031025849576	4.002289669897251E-6
95.0	28.114026678531534	21.8855888613081	21.917528089370165	28.08284535760852	1.101318167714938E-5
96.0	28.120493672625212	21.87410842730218	21.93689758638729	28.068486287961296	1.4025724019395012E-5
97.0	28.132016915190928	21.84894500401603	21.970440459848394	28.04858358623709	1.403470755107967E-5
98.0	28.11652137734156	21.862525293110377	21.98306812879605	28.037878178858737	7.02189328018255E-6
99.0	28.08139965098943	21.886160907419452	21.97944011117781	28.052981262774573	1.8067638735074172E-5
100.0	28.037108780307264	21.923415941532014	21.99255153905474	28.04691369514487	1.0043961112072597E-5
101.0	28.026871051406598	21.95282826816356	21.95332878745232	28.066962847448202	9.045529314977542E-6
102.0	28.063774214782228	21.956408154419417	21.89391537650722	28.085890185000007	1.2069291127987803E-5
103.0	28.08958353564981	21.895286068843454	21.877238491617472	28.137886871662733	5.0322265296627565E-6
104.0	28.09598152619397	21.880980603128112	21.90208069015716	28.120948116044236	9.064476527991254E-6
105.0	28.105758138053233	21.871348003221346	21.88905758613749	28.133831233439594	5.039148337167722E-6
106.0	28.12858930177263	21.829507208955313	21.912891612659955	28.1290007827619	1.1093850200789611E-5
107.0	28.135278140184994	21.836781456025157	21.92405825499003	28.10387407499703	8.073802792805088E-6
108.0	28.13881239950143	21.850492663919848	21.935813818019646	28.074867989741747	1.312881732987729E-5
109.0	28.099044493913826	21.86431869565173	21.965946518513604	28.07067513248864	1.51594322032647E-5
110.0	28.07898626746685	21.902555395944923	21.959004470333827	28.059441729930963	1.2136323437550506E-5
111.0	28.093641572011467	21.900513139511173	21.9454901319679	28.060336939005765	1.8217503695344716E-5
112.0	28.084182234036813	21.915216651520307	21.923194711278658	28.077394249207504	1.2153956722130133E-5
113.0	28.091153774418924	21.89727051533262	21.873450125108995	28.138102272558076	2.3312581385615302E-5
114.0	28.09163857550483	21.893115878081396	21.86644479375646	28.148787566223287	1.3186434023888626E-5
115.0	28.11008632310666	21.84808391937763	21.860386789235193	28.181431802309532	1.1165970992837537E-5
116.0	28.13728307148054	21.83856289736632	21.850600549313103	28.173535196799104	1.8285040931826002E-5
117.0	28.198990715763046	21.813814753227945	21.858320022704103	28.12886739217877	7.116126141143259E-6
118.0	28.17087593323477	21.813244674614694	21.90576594077117	28.11010429488723	9.156492142162965E-6
119.0	28.163690354527056	21.82802237557781	21.92106643963175	28.08720352163408	1.7308629303682496E-5
120.0	28.15518991316919	21.817606488921143	21.92934726954763	28.09784613898534	1.0189376698505412E-5
121.0	28.149923590802377	21.87178713661172	21.901952311491417	28.07631656681765	2.0394276843824136E-5
122.0	28.158709041614756	21.874751449544725	21.855215396516055	28.11130982561624	1.4286708232415597E-5
123.0	28.167765974924887	21.85922706846725	21.82002917215679	28.152952252354265	2.553209681252299E-5
124.0	28.17021148458635	21.845751774333987	21.80723552508563	28.176727621971793	7.359402223559566E-5
125.0	28.233537121386597	21.80496603625084	21.779679525444273	28.1818029949201	1.4321998191274848E-5
126.0	28.25583835321494	21.767686726377256	21.760142646187695	28.216068108545716	2.64165674390086E-4
127.0	28.25848295467064	21.77896537748335	21.784320848677197	28.1782154475523	1.5371616515059828E-5
128.0	28.314854584809513	21.74369716979391	21.800453556741274	28.140978278553902	1.6410101397913974E-5
129.0	28.331399655658103	21.70884788519539	21.808275981682566	28.151455947194176	2.053026976815536E-5
130.0	28.290465015287573	21.73643219557409	21.812425728572716	28.160667814360448	9.246205177607786E-6
131.0	28.283830465306707	21.762988715887317	21.79001342720931	28.163154023208264	1.3368388401290063E-5
132.0	28.296983032196643	21.765427029392736	21.749370508958762	28.188202962281363	1.6467170498273628E-5
133.0	28.296452690636098	21.75977850693972	21.742903121847355	28.20085022975729	1.5450819531554018E-5
134.0	28.337564268851303	21.73053124002676	21.66733964702837	28.26454628622837	1.8557865202162426E-5
135.0	28.354254317724152	21.70806907409246	21.608479196859744	28.32917883612842	1.8575195222979896E-5
136.0	28.35666398806273	21.684542813664546	21.60705204615104	28.351732888863708	8.26325797910003E-6
137.0	28.410928960257003	21.65637749983348	21.567432056767753	28.365239769712748	2.171342901759079E-5
138.0	28.43391006582337	21.622395422872202	21.599993285051042	28.343683631596743	1.759465663939595E-5
139.0	28.415624456595403	21.64664285304062	21.65519797056905	28.282519178222575	1.5541572353929966E-5
140.0	28.445675000278214	21.659383322017653	21.698878526406244	28.196046557109973	1.659418792094334E-5
141.0	28.332391185214718	21.77658520461503	21.705561225240942	28.1854499258571	1.2459072207362818E-5
142.0	28.455261441707624	21.732790790456093	21.669598289159612	28.142334927532442	1.4551144231825087E-5
143.0	28.171336113186683	21.9134364496487	21.637900388955973	28.277311441109017	1.560709963216563E-5
144.0	28.202416936207424	22.142794271501298	21.350055884980083	28.304585009718696	1.4789759249903407E-4
145.0	28.021442656188327	22.002364179497608	21.627884410908248	28.348303540496474	5.2129093446185455E-6
146.0	28.507409579953325	21.904957185382493	21.336698034827844	28.250884056095288	5.114374104984531E-5
147.0	28.819977698363182	21.82216530645243	21.33522071998486	28.02263627519953	0.0
148.0	28.806357543520978	21.626978867009452	21.029995318189805	28.536668271279765	0.0
149.0	29.44778797179018	20.98283918473269	20.16453186191647	29.37804746226797	0.026793519292692906
150.0	27.235781103471552	20.927059730151793	22.665459961657977	29.17169920471868	0.0
